"TF_NAME","Pscan_TERM","MATRIX_ID","Z_SCORE","P_VALUE","SAMPLE_AVERAGE","BACKGROUND_AVERAGE","SAMPLE_DEVSTD","SAMPLE_SIZE","In_original_list","FDR","cycling_in_CTL_BHQ","cycling_in_AD_BHQ","DR_AR1_BHQ","DR_AR1_mthd2_BHQ","DR_logAmpRatio","diff_mesor","DEseq_DE_BHQ"
"ZBTB33","ZBTB33","MA0527.1","3.51477",0.000219933,0.882916,0.772676,0.0606306,3,"False",0.174626802,NA,NA,NA,NA,NA,NA,NA
"FOSL1","FOSL1::JUN","MA1129.1","3.17645",0.000745124,0.874866,0.765238,0.0603593,3,"False",0.187822143636364,NA,NA,NA,NA,NA,NA,NA
"JUN","FOSL1::JUN","MA1129.1","3.17645",0.000745124,0.874866,0.765238,0.0603593,3,"False",0.187822143636364,0.550621086863162,0.379405074105125,NA,NA,NA,0.97267103599385,0.985501378612174
"FOSL1","FOSL1::JUND","MA1143.1","2.91999",0.00174962,0.900003,0.80978,0.0507095,3,"False",0.187822143636364,NA,NA,NA,NA,NA,NA,NA
"JUND","FOSL1::JUND","MA1143.1","2.91999",0.00174962,0.900003,0.80978,0.0507095,3,"False",0.187822143636364,0.00213584737172787,0.00037436692329244,0.969244389363596,0.968365459009298,0.119665381563243,0.462694681526478,0.900583976414876
"CREB3L4","CREB3L4","MA1475.1","2.91141",0.00179784,0.869808,0.780213,0.0761002,3,"False",0.187822143636364,NA,NA,NA,NA,NA,NA,NA
"ZBED1","ZBED1","MA0749.1","2.88589",0.00195056,0.773649,0.700738,0.055639,3,"False",0.187822143636364,NA,NA,NA,NA,NA,NA,NA
"FOSB","FOSB::JUNB","MA1136.1","2.81057",0.00247138,0.873678,0.780211,0.0751288,3,"False",0.187822143636364,NA,NA,NA,NA,NA,NA,NA
"JUNB","FOSB::JUNB","MA1136.1","2.81057",0.00247138,0.873678,0.780211,0.0751288,3,"False",0.187822143636364,0.329201788665352,0.634586227783019,NA,NA,NA,0.67285833371456,0.770013143376798
"RARB","RARB","MA1552.1","2.80178",0.00254032,0.819416,0.754601,0.0339053,3,"False",0.187822143636364,NA,NA,NA,NA,NA,NA,NA
"ATF3","ATF3","MA0605.2","2.79391",0.00260207,0.840132,0.737623,0.0965087,3,"False",0.187822143636364,NA,NA,NA,NA,NA,NA,NA
"ATF7","ATF7","MA0834.1","2.71033",0.00335949,0.821875,0.727749,0.0689787,3,"False",0.200262150666667,0.00955886473304255,0.0586891292636185,NA,NA,NA,0.998674089525648,1
"RARG","RARG","MA1553.1","2.69788",0.00348802,0.805651,0.741353,0.0405163,3,"False",0.200262150666667,NA,NA,NA,NA,NA,NA,NA
"FOSB","FOSB::JUN","MA1127.1","2.67074",0.00378329,0.846808,0.753617,0.046883,3,"False",0.200262150666667,NA,NA,NA,NA,NA,NA,NA
"JUN","FOSB::JUN","MA1127.1","2.67074",0.00378329,0.846808,0.753617,0.046883,3,"False",0.200262150666667,0.550621086863162,0.379405074105125,NA,NA,NA,0.97267103599385,0.985501378612174
"JUNB","JUNB","MA1140.2","2.64212",0.00411832,0.809185,0.719098,0.0539688,3,"False",0.20437163,0.329201788665352,0.634586227783019,NA,NA,NA,0.67285833371456,0.770013143376798
"ZNF135","ZNF135","MA1587.1","2.56467",0.0051608,0.867646,0.785202,0.084358,3,"False",0.241039717647059,NA,NA,NA,NA,NA,NA,NA
"GLIS1","GLIS1","MA0735.1","2.5333",0.00564878,0.766609,0.701599,0.0263217,3,"False",0.246662503225806,NA,NA,NA,NA,NA,NA,NA
"Esrrg","Esrrg","MA0643.1","2.49704",0.00626084,0.890955,0.81775,0.0260122,3,"False",0.246662503225806,0.845765571724537,0.446862206009755,NA,NA,NA,0.444266214754468,0.557509200638269
"Zfx","Zfx","MA0146.2","2.48876",0.00640869,0.947712,0.855406,0.0175533,3,"False",0.246662503225806,0.246717851463233,0.000107724578620439,0.400265347827202,0.394914904388137,1.08756845030653,0.507811901522058,0.789855040802431
"JDP2","JDP2","MA0656.1","2.44432",0.00725391,0.825419,0.738511,0.0697703,3,"False",0.246662503225806,0.00856062213318433,0.800874349895784,0.603768441314799,0.609982259976034,-1.11527250478786,0.679343942147235,0.930362316256601
"FOS","FOS::JUN","MA1126.1","2.42585",0.00763493,0.819032,0.74861,0.0366791,3,"False",0.246662503225806,0.697580503134212,0.886515930835537,NA,NA,NA,0.879292082746186,1
"JUN","FOS::JUN","MA1126.1","2.42585",0.00763493,0.819032,0.74861,0.0366791,3,"False",0.246662503225806,0.550621086863162,0.379405074105125,NA,NA,NA,0.97267103599385,0.985501378612174
"Nr2f6","Nr2f6","MA0728.1","2.41766",0.00780659,0.779312,0.713006,0.0715706,3,"False",0.246662503225806,NA,NA,NA,NA,NA,NA,NA
"CREM","CREM","MA0609.2","2.40432",0.00809428,0.809272,0.727025,0.12361,3,"False",0.246662503225806,0.763555529029591,0.364412600915227,NA,NA,NA,0.909320439960587,0.678762205390495
"ZNF460","ZNF460","MA1596.1","2.37323",0.00881237,0.876601,0.777914,0.108454,3,"False",0.246662503225806,NA,NA,NA,NA,NA,NA,NA
"FOSL2","FOSL2::JUN","MA1131.1","2.36585",0.00899224,0.858436,0.777587,0.0535297,3,"False",0.246662503225806,NA,NA,NA,NA,NA,NA,NA
"JUN","FOSL2::JUN","MA1131.1","2.36585",0.00899224,0.858436,0.777587,0.0535297,3,"False",0.246662503225806,0.550621086863162,0.379405074105125,NA,NA,NA,0.97267103599385,0.985501378612174
"FOSL2","FOSL2::JUNB","MA1139.1","2.34218",0.00958286,0.833133,0.74857,0.0693842,3,"False",0.246662503225806,NA,NA,NA,NA,NA,NA,NA
"JUNB","FOSL2::JUNB","MA1139.1","2.34218",0.00958286,0.833133,0.74857,0.0693842,3,"False",0.246662503225806,0.329201788665352,0.634586227783019,NA,NA,NA,0.67285833371456,0.770013143376798
"Rarg","Rarg","MA0859.1","2.3403",0.0096304,0.768462,0.703576,0.0637914,3,"False",0.246662503225806,NA,NA,NA,NA,NA,NA,NA
"RXRB","RXRB","MA1555.1","2.29015",0.0110045,0.819242,0.763751,0.0297833,3,"False",0.272332658823529,0.0264005613470877,0.598985031450657,0.786366199610922,0.796315113829642,-0.761333291455104,0.661988387176816,0.957291793147474
"FOSL2","FOSL2::JUND","MA1145.1","2.26799",0.0116616,0.831202,0.756443,0.0662057,3,"False",0.272332658823529,NA,NA,NA,NA,NA,NA,NA
"JUND","FOSL2::JUND","MA1145.1","2.26799",0.0116616,0.831202,0.756443,0.0662057,3,"False",0.272332658823529,0.00213584737172787,0.00037436692329244,0.969244389363596,0.968365459009298,0.119665381563243,0.462694681526478,0.900583976414876
"RXRG","RXRG","MA1556.1","2.248",0.0122862,0.81729,0.760278,0.029714,3,"False",0.277924261111111,NA,NA,NA,NA,NA,NA,NA
"Creb5","Creb5","MA0840.1","2.23821",0.0126011,0.837209,0.756349,0.0590066,3,"False",0.277924261111111,0.109805382763462,0.032195089926473,0.312123265512446,0.296801087149882,0.176151962713462,0.968730544387617,1
"NR2F1","NR2F1","MA1537.1","2.22266",0.0131146,0.807583,0.753464,0.0579424,3,"False",0.281432227027027,0.803255478311251,0.00333131088822689,0.377222982859643,0.366288665784594,1.80775140271752,0.984357652027108,1
"TCF7","TCF7","MA0769.2","2.198",0.013971,0.903657,0.825329,0.0668614,3,"False",0.291920368421053,NA,NA,NA,NA,NA,NA,NA
"Rarb","Rarb","MA0857.1","2.11454",0.0172285,0.742085,0.683853,0.0674225,3,"False",0.342267595,NA,NA,NA,NA,NA,NA,NA
"GMEB2","GMEB2","MA0862.1","2.11418",0.0172427,0.876951,0.813104,0.0838601,3,"False",0.342267595,NA,NA,NA,NA,NA,NA,NA
"THRB","THRB","MA1576.1","2.08235",0.0186513,0.781929,0.738049,0.0369069,3,"False",0.34849583255814,0.108214529476892,0.164451160573171,NA,0.963462892418646,NA,0.523872635122463,0.978140588001681
"ESR2","ESR2","MA0258.2","2.07791",0.0188565,0.848964,0.800151,0.0260668,3,"False",0.34849583255814,NA,NA,NA,NA,NA,NA,NA
"Nr2f6","Nr2f6","MA0677.1","2.07744",0.0188732,0.797039,0.744364,0.0677688,3,"False",0.34849583255814,NA,NA,NA,NA,NA,NA,NA
"THRB","THRB","MA1574.1","2.03877",0.0207264,0.84281,0.798607,0.0675493,3,"False",0.374017309090909,0.108214529476892,0.164451160573171,NA,0.963462892418646,NA,0.523872635122463,0.978140588001681
"PPARD","PPARD","MA1550.1","2.00022",0.0227282,0.800987,0.75284,0.0710565,3,"False",0.401026462222222,0.0409208008939796,0.0339961923231969,0.669426574919053,0.680782656230475,0.566513873305089,0.906704325491114,0.930362316256601
"RARA","RARA","MA0729.1","1.98327",0.0236634,0.743133,0.694408,0.0493098,3,"False",0.408450860869565,NA,NA,NA,NA,NA,NA,NA
"NR2F2","NR2F2","MA1111.1","1.96901",0.0244724,0.888791,0.822183,0.0448476,3,"False",0.409002363265306,NA,NA,NA,NA,NA,NA,NA
"Nr1h3","Nr1h3::Rxra","MA0494.1","1.95577",0.0252407,0.833123,0.793816,0.0377413,3,"False",0.409002363265306,NA,NA,NA,NA,NA,NA,NA
"Rxra","Nr1h3::Rxra","MA0494.1","1.95577",0.0252407,0.833123,0.793816,0.0377413,3,"False",0.409002363265306,0.139761153277898,0.721367296732927,NA,NA,NA,0.749963235226969,0.907141144164529
"NFKB2","NFKB2","MA0778.1","1.93996",0.0261907,0.818266,0.755761,0.010923,3,"False",0.415908316,NA,NA,NA,NA,NA,NA,NA
"RXRG","RXRG","MA0856.1","1.86876",0.0308165,0.778843,0.729869,0.077782,3,"False",0.479770607843137,NA,NA,NA,NA,NA,NA,NA
"ZIC3","ZIC3","MA0697.1","1.82909",0.0336905,0.836344,0.786209,0.0150243,3,"False",0.512702279245283,NA,NA,NA,NA,NA,NA,NA
"Rarg","Rarg","MA0860.1","1.82181",0.0342232,0.741925,0.695376,0.093895,3,"False",0.512702279245283,NA,NA,NA,NA,NA,NA,NA
"BHLHE41","BHLHE41","MA0636.1","1.80211",0.0357603,0.835081,0.775543,0.0387951,3,"False",0.520299692857143,0.454498244132381,0.530467525093203,NA,NA,NA,0.801307705087362,0.870237454210262
"JUN","JUN::JUNB","MA1133.1","1.79028",0.0366962,0.828527,0.770415,0.0718241,3,"False",0.520299692857143,0.550621086863162,0.379405074105125,NA,NA,NA,0.97267103599385,0.985501378612174
"JUNB","JUN::JUNB","MA1133.1","1.79028",0.0366962,0.828527,0.770415,0.0718241,3,"False",0.520299692857143,0.329201788665352,0.634586227783019,NA,NA,NA,0.67285833371456,0.770013143376798
"ZIC1","ZIC1","MA0696.1","1.77617",0.0378505,0.824027,0.774242,0.0137254,3,"False",0.527250824561404,NA,NA,NA,NA,NA,NA,NA
"HNF4A","HNF4A","MA1494.1","1.75253",0.0398202,0.77185,0.727653,0.0958445,3,"False",0.545124806896552,NA,NA,NA,NA,NA,NA,NA
"NR2C2","NR2C2","MA1536.1","1.73473",0.0413916,0.982696,0.947009,0.0121424,3,"False",0.557032718644068,0.00437029074548983,0.550408308992267,0.650173847613993,0.660382686567801,-0.979643325167208,0.801307705087362,1
"Rxra","Rxra","MA0512.2","1.70584",0.0440031,0.768055,0.722924,0.0826474,3,"False",0.58230769,0.139761153277898,0.721367296732927,NA,NA,NA,0.749963235226969,0.907141144164529
"ZNF148","ZNF148","MA1653.1","1.67802",0.0466664,0.926521,0.850645,0.0657971,3,"False",0.598452923809524,0.0719421351824657,0.593364751702459,NA,NA,NA,0.807372254627712,0.995397726935177
"NR2C2","NR2C2","MA0504.1","1.67205",0.0472512,0.86037,0.823751,0.0341337,3,"False",0.598452923809524,0.00437029074548983,0.550408308992267,0.650173847613993,0.660382686567801,-0.979643325167208,0.801307705087362,1
"RXRB","RXRB","MA0855.1","1.66961",0.0474843,0.764055,0.719728,0.0752529,3,"False",0.598452923809524,0.0264005613470877,0.598985031450657,0.786366199610922,0.796315113829642,-0.761333291455104,0.661988387176816,0.957291793147474
"TGIF2LX","TGIF2LX","MA1571.1","1.65826",0.048627,0.793536,0.749191,0.0407336,3,"False",0.60327871875,NA,NA,NA,NA,NA,NA,NA
"NR2C1","NR2C1","MA1535.1","1.65046",0.0494213,0.96332,0.9102,0.0209329,3,"False",0.603387066666667,0.0689794896738476,0.0823580666659801,0.832581619564647,0.840769280006723,0.510692491467077,0.965546310907717,1
"GLIS3","GLIS3","MA0737.1","1.64331",0.0501556,0.78153,0.742723,0.0222006,3,"False",0.603387066666667,0.853470596068397,0.900128234664073,NA,NA,NA,0.834782926235424,1
"NR5A1","NR5A1","MA1540.1","1.62646",0.0519155,0.890101,0.845569,0.063003,3,"False",0.615237417910448,NA,NA,NA,NA,NA,NA,NA
"ESRRB","ESRRB","MA0141.3","1.60018",0.0547755,0.822548,0.771515,0.0249066,3,"False",0.629978882857143,NA,NA,NA,NA,NA,NA,0.777055902307035
"GLIS2","GLIS2","MA0736.1","1.59875",0.0549352,0.830446,0.7882,0.0046078,3,"False",0.629978882857143,NA,NA,NA,NA,NA,NA,NA
"NFKB1","NFKB1","MA0105.4","1.59334",0.0555397,0.772568,0.722064,0.0140048,3,"False",0.629978882857143,0.0557866597791215,0.0832626418504406,0.875013805821326,0.881111890200384,0.339023067113323,0.999900321403679,0.985501378612174
"SREBF2","SREBF2","MA0596.1","1.58547",0.0564158,0.878634,0.834496,0.0745195,3,"False",0.630903453521127,0.00135783260296898,0.01431853559642,0.990708372879183,0.990203950136462,0.0392131077958202,0.653022991998906,0.636816781010561
"MLX","MLX","MA0663.1","1.56242",0.0590913,0.82375,0.77323,0.02362,3,"False",0.636829735897436,0.00185025579742662,0.926335180307941,0.420501109845861,0.41876389872516,-2.21147008286645,0.975916383973886,1
"Pparg","Pparg::Rxra","MA0065.2","1.54713",0.0609127,0.844876,0.811557,0.0162273,3,"False",0.636829735897436,0.385032283371562,0.824902043000426,NA,NA,NA,0.49299440509704,0.767795818956056
"Rxra","Pparg::Rxra","MA0065.2","1.54713",0.0609127,0.844876,0.811557,0.0162273,3,"False",0.636829735897436,0.139761153277898,0.721367296732927,NA,NA,NA,0.749963235226969,0.907141144164529
"MAZ","MAZ","MA1522.1","1.54485",0.0611855,0.945944,0.877914,0.0620177,3,"False",0.636829735897436,0.302148443241299,0.194181902338888,NA,NA,NA,0.983065549235966,1
"TFDP1","TFDP1","MA1122.1","1.53852",0.0619525,0.908364,0.849665,0.0677418,3,"False",0.636829735897436,NA,NA,NA,NA,NA,NA,NA
"NR4A2","NR4A2","MA0160.1","1.53631",0.0622265,0.933093,0.893566,0.0305213,3,"False",0.636829735897436,NA,NA,NA,NA,NA,NA,NA
"NR2F1","NR2F1","MA0017.2","1.53358",0.0625601,0.856112,0.809668,0.0452071,3,"False",0.636829735897436,0.803255478311251,0.00333131088822689,0.377222982859643,0.366288665784594,1.80775140271752,0.984357652027108,1
"ESR1","ESR1","MA0112.3","1.50231",0.066505,0.753007,0.715143,0.0216847,3,"False",0.664476765,0.196422133104977,0.869861732817915,NA,NA,NA,0.743724942125888,0.930362316256601
"Arid5a","Arid5a","MA0602.1","1.49883",0.0669498,0.846501,0.781936,0.0869075,3,"False",0.664476765,0.168432372596604,0.00333131088822689,0.290431930355836,0.27968563963349,0.734641386488079,0.868366021789343,0.957291793147474
"Wt1","Wt1","MA1627.1","1.48193",0.0691685,0.881839,0.828844,0.0763657,3,"False",0.678022086419753,NA,NA,NA,NA,NA,NA,NA
"ZBTB12","ZBTB12","MA1649.1","1.46311",0.0717121,0.885054,0.840757,0.0425992,3,"False",0.68107732,NA,NA,NA,NA,NA,NA,NA
"GLI2","GLI2","MA0734.2","1.45977",0.0721718,0.802721,0.764694,0.0255711,3,"False",0.68107732,NA,NA,NA,NA,NA,NA,NA
"TGIF2LY","TGIF2LY","MA1572.1","1.45595",0.0726961,0.794766,0.756281,0.0445405,3,"False",0.68107732,NA,NA,NA,NA,NA,NA,NA
"Atf1","Atf1","MA0604.1","1.45436",0.0729113,0.886409,0.839285,0.0718076,3,"False",0.68107732,0.309270013635779,0.0347051590411948,0.665207059015598,0.675684679933594,0.692334702503134,0.822385639323233,0.967748468992626
"TCF7L2","TCF7L2","MA0523.1","1.40572",0.0798899,0.853682,0.81315,0.0689568,3,"False",0.723317759090909,0.0411679709788706,0.671068545612401,NA,NA,NA,0.868366021789343,0.866345882668887
"Znf281","Znf281","MA1630.1","1.40561",0.0799171,0.872383,0.819408,0.0134178,3,"False",0.723317759090909,NA,NA,NA,NA,NA,NA,NA
"ZIC5","ZIC5","MA1584.1","1.40393",0.0801662,0.814135,0.774101,0.0206699,3,"False",0.723317759090909,NA,NA,NA,NA,NA,NA,NA
"E2F6","E2F6","MA0471.2","1.3907",0.0821524,0.898519,0.852237,0.0375202,3,"False",0.725111677777778,NA,NA,NA,NA,NA,NA,NA
"USF1","USF1","MA0093.3","1.3904",0.0821915,0.815103,0.771984,0.0695027,3,"False",0.725111677777778,NA,NA,NA,NA,NA,NA,NA
"SREBF1","SREBF1","MA0829.2","1.36323",0.0863931,0.812111,0.769071,0.0711582,3,"False",0.753803531868132,0.876642357604818,0.489658262358932,NA,NA,NA,0.940656087241496,0.985501378612174
"GLI3","GLI3","MA1491.1","1.35095",0.0883525,0.817304,0.782675,0.0103678,3,"False",0.762520489130435,NA,NA,NA,NA,NA,NA,NA
"TFAP2C","TFAP2C","MA0814.2","1.33833",0.0903901,0.870774,0.825276,0.0341616,3,"False",0.771717627956989,NA,NA,NA,NA,NA,NA,NA
"SREBF1","SREBF1","MA0595.1","1.32272",0.0929446,0.887922,0.852476,0.0761549,3,"False",0.776438684536082,0.876642357604818,0.489658262358932,NA,NA,NA,0.940656087241496,0.985501378612174
"TCF7L1","TCF7L1","MA1421.1","1.31776",0.0937803,0.807014,0.767411,0.0615304,3,"False",0.776438684536082,NA,NA,NA,NA,NA,NA,NA
"NR1H2","NR1H2::RXRA","MA0115.1","1.31132",0.0948546,0.708037,0.674225,0.0778677,3,"False",0.776438684536082,0.207408486539687,0.616828670476262,NA,NA,NA,0.801307705087362,0.985501378612174
"RXRA","NR1H2::RXRA","MA0115.1","1.31132",0.0948546,0.708037,0.674225,0.0778677,3,"False",0.776438684536082,0.139761153277898,0.721367296732927,NA,NA,NA,0.749963235226969,0.907141144164529
"SREBF2","SREBF2","MA0828.1","1.29843",0.0970638,0.822434,0.780952,0.0375266,3,"False",0.786414869387755,0.00135783260296898,0.01431853559642,0.990708372879183,0.990203950136462,0.0392131077958202,0.653022991998906,0.636816781010561
"NR1D1","NR1D1","MA1531.1","1.28367",0.0996139,0.803504,0.773504,0.0549833,3,"False",0.796004653465346,0.321141341246706,0.0130316303985721,0.454856580510274,0.448994199874944,0.979536747838233,0.868632421582134,NA
"NR1D2","NR1D2","MA1532.1","1.27573",0.101017,0.827014,0.800923,0.0367902,3,"False",0.796004653465346,0.00235641839431703,0.000158944020946257,0.590389233434671,0.596592060203292,0.574463058944683,0.943929033926382,1
"RORA","RORA","MA0071.1","1.27439",0.101255,0.863369,0.823488,0.0432441,3,"False",0.796004653465346,0.00026187565143236,0.0305690143925184,0.7660431599895,0.77673464209602,-0.205763872122669,0.948695976015574,1
"HOXC13","HOXC13","MA0907.1","1.25508",0.10472,0.819974,0.777553,0.0402495,3,"False",0.809399019230769,NA,NA,NA,NA,NA,NA,NA
"PPARA","PPARA::RXRA","MA1148.1","1.24792",0.106017,0.785386,0.759183,0.0482183,3,"False",0.809399019230769,0.188036579975709,0.335938845165176,NA,NA,NA,0.880717360936525,0.91714850712122
"RXRA","PPARA::RXRA","MA1148.1","1.24792",0.106017,0.785386,0.759183,0.0482183,3,"False",0.809399019230769,0.139761153277898,0.721367296732927,NA,NA,NA,0.749963235226969,0.907141144164529
"PLAGL2","PLAGL2","MA1548.1","1.23991",0.107495,0.895895,0.846444,0.0712059,3,"False",0.812866952380952,NA,NA,NA,NA,NA,NA,NA
"TFAP2B","TFAP2B","MA0812.1","1.20929",0.113272,0.891443,0.853532,0.0214528,3,"False",0.845988448598131,NA,NA,NA,NA,NA,NA,NA
"ZNF140","ZNF140","MA1589.1","1.20547",0.114006,0.712577,0.686559,0.0179105,3,"False",0.845988448598131,NA,NA,NA,NA,NA,NA,NA
"USF2","USF2","MA0526.3","1.1983",0.115388,0.809493,0.771632,0.0649653,3,"False",0.848315481481481,0.0690751129535232,0.250531132231299,NA,NA,NA,0.955375150804583,1
"ESRRA","ESRRA","MA0592.3","1.18691",0.117627,0.813084,0.776198,0.0229523,3,"False",0.853607745454545,0.000168902881555445,0.339296271111994,0.687719505970212,0.699099838665716,-0.59615606452057,0.822385639323233,1
"ZFP57","ZFP57","MA1583.1","1.18368",0.118258,0.859948,0.822293,0.063431,3,"False",0.853607745454545,NA,NA,NA,NA,NA,NA,NA
"MITF","MITF","MA0620.3","1.16875",0.121248,0.78801,0.751349,0.0253854,3,"False",0.862000428571429,0.00272450692266733,0.495574878682709,0.744860811020797,0.755138570645193,-0.787393591523267,0.238423175094724,0.574365193235258
"NEUROD1","NEUROD1","MA1109.1","1.16704",0.121592,0.857604,0.824118,0.030378,3,"False",0.862000428571429,NA,NA,NA,NA,NA,NA,NA
"Klf12","Klf12","MA0742.1","1.15085",0.124893,0.843377,0.809666,0.0151917,3,"False",0.877566743362832,0.0217088667042121,0.310093348548963,0.905642339870395,0.910965682938117,0.20838792771299,0.965845754631127,1
"NRL","NRL","MA0842.2","1.12188",0.130942,0.810694,0.779201,0.0670395,3,"False",0.894334487804878,NA,NA,NA,NA,NA,NA,NA
"NR2F1","NR2F1","MA1538.1","1.11712",0.131963,0.764203,0.736735,0.03687,3,"False",0.894334487804878,0.803255478311251,0.00333131088822689,0.377222982859643,0.366288665784594,1.80775140271752,0.984357652027108,1
"IRF2","IRF2","MA0051.1","1.1128",0.132878,0.783555,0.753151,0.0745776,3,"False",0.894334487804878,0.0157043412879955,0.00472482810416803,0.873728141629645,0.879782196651245,0.328013764213724,0.859180755043592,0.988281199014191
"HNF4G","HNF4G","MA0484.2","1.10895",0.133721,0.818679,0.784884,0.0127842,3,"False",0.894334487804878,NA,NA,NA,NA,NA,NA,NA
"BHLHE40","BHLHE40","MA0464.2","1.10503",0.13457,0.848474,0.809721,0.0233781,3,"False",0.894334487804878,6.94317966908574e-05,0.306045469613208,0.614319462360272,0.621026107361106,-0.772917349683657,0.979564985713494,0.960285388875351
"NRF1","NRF1","MA0506.1","1.10498",0.134576,0.889293,0.844252,0.0644103,3,"False",0.894334487804878,3.58224966932471e-05,0.0648675988669415,NA,NA,NA,0.719991786825469,0.995397726935177
"NR2F6","NR2F6","MA1539.1","1.09837",0.136011,0.749627,0.722049,0.0443945,3,"False",0.894334487804878,NA,NA,NA,NA,NA,NA,NA
"ZNF410","ZNF410","MA0752.1","1.08939",0.137988,0.708521,0.678758,0.011874,3,"False",0.894334487804878,0.980367699900576,0.697708833430744,NA,NA,NA,0.453487482863107,0.595459985130088
"ZBTB7B","ZBTB7B","MA0694.1","1.08715",0.138471,0.826131,0.796231,0.0617904,3,"False",0.894334487804878,NA,NA,NA,NA,NA,NA,NA
"MAFK","MAFK","MA0496.3","1.08683",0.138543,0.779641,0.745989,0.0688783,3,"False",0.894334487804878,NA,NA,NA,NA,NA,NA,NA
"MYBL1","MYBL1","MA0776.1","1.06435",0.14358,0.771045,0.74297,0.0252577,3,"False",0.911467888888889,NA,NA,NA,NA,NA,NA,NA
"MYBL2","MYBL2","MA0777.1","1.05971",0.144634,0.737987,0.71184,0.0236206,3,"False",0.911467888888889,NA,NA,NA,NA,NA,NA,NA
"HNF4A","HNF4A","MA0114.4","1.05538",0.145623,0.812693,0.77989,0.0098905,3,"False",0.911467888888889,NA,NA,NA,NA,NA,NA,NA
"TFAP2A","TFAP2A","MA0003.4","1.04279",0.148511,0.852867,0.81862,0.0617875,3,"False",0.911467888888889,NA,NA,NA,NA,NA,NA,NA
"ZBTB7C","ZBTB7C","MA0695.1","1.02597",0.152442,0.848389,0.822194,0.0472227,3,"False",0.911467888888889,NA,NA,NA,NA,NA,NA,NA
"JUN","JUN","MA0488.1","1.02393",0.152931,0.827068,0.794577,0.0244975,3,"False",0.911467888888889,0.550621086863162,0.379405074105125,NA,NA,NA,0.97267103599385,0.985501378612174
"NR4A1","NR4A1","MA1112.2","1.02196",0.153389,0.853295,0.819326,0.056714,3,"False",0.911467888888889,NA,NA,NA,NA,NA,NA,NA
"MLXIPL","MLXIPL","MA0664.1","1.02003",0.153854,0.828649,0.795318,0.0200764,3,"False",0.911467888888889,0.0225276056418904,0.174093745551583,0.984929066677863,0.983926712472533,0.123438267252026,0.812712320092618,0.89202980051265
"RXRA","RXRA::VDR","MA0074.1","1.01667",0.154645,0.779019,0.755991,0.0362521,3,"False",0.911467888888889,0.139761153277898,0.721367296732927,NA,NA,NA,0.749963235226969,0.907141144164529
"VDR","RXRA::VDR","MA0074.1","1.01667",0.154645,0.779019,0.755991,0.0362521,3,"False",0.911467888888889,NA,NA,NA,NA,NA,NA,NA
"ARNT2","ARNT2","MA1464.1","1.01569",0.154883,0.840346,0.803892,0.0272211,3,"False",0.911467888888889,0.942243477805368,0.0246923939672901,0.539704133460838,NA,2.10104239015407,0.920163964699354,1
"PAX9","PAX9","MA0781.1","1.01197",0.155761,0.744172,0.722568,0.052241,3,"False",0.911467888888889,NA,NA,NA,NA,NA,NA,NA
"FERD3L","FERD3L","MA1485.1","0.998788",0.158942,0.796944,0.770135,0.0340997,3,"False",0.911467888888889,NA,NA,NA,NA,NA,NA,NA
"EGR3","EGR3","MA0732.1","0.99376",0.16016,0.816677,0.780667,0.0641546,3,"False",0.911467888888889,NA,NA,NA,NA,NA,NA,NA
"Nfe2l2","Nfe2l2","MA0150.2","0.992331",0.160508,0.773154,0.746756,0.0482992,3,"False",0.911467888888889,0.725754785004,0.537216961838611,NA,NA,NA,0.979638759644307,1
"DBP","DBP","MA0639.1","0.982412",0.162941,0.81566,0.78137,0.0507077,3,"False",0.911467888888889,0.713897477369316,0.00152273104192811,0.297794078068962,0.288731814191624,1.93734767061182,0.977609808210345,NA
"RUNX3","RUNX3","MA0684.2","0.977102",0.164232,0.855475,0.823821,0.107946,3,"False",0.911467888888889,NA,NA,NA,NA,NA,NA,NA
"ZBTB6","ZBTB6","MA1581.1","0.977154",0.164242,0.855194,0.826086,0.0199647,3,"False",0.911467888888889,NA,NA,NA,NA,NA,NA,NA
"LEF1","LEF1","MA0768.1","0.975174",0.164731,0.774278,0.744781,0.0357929,3,"False",0.911467888888889,NA,NA,NA,NA,NA,NA,NA
"KLF3","KLF3","MA1516.1","0.973497",0.16515,0.880549,0.846119,0.0138209,3,"False",0.911467888888889,0.681270172503599,0.326591564841941,NA,NA,NA,0.831574904050392,0.985501378612174
"Arntl","Arntl","MA0603.1","0.972861",0.165304,0.850768,0.817467,0.0486758,3,"False",0.911467888888889,1.29206303934153e-09,4.19344331957335e-05,0.863019468222488,0.868419617666429,-0.0854515721973239,0.929845572974809,1
"NFIX","NFIX","MA0671.1","0.953782",0.170092,0.950086,0.93025,0.0201688,3,"False",0.931400331034483,0.0183824844965965,0.141238732354644,NA,NA,NA,0.916598761890717,0.987839404598904
"ZSCAN29","ZSCAN29","MA1602.1","0.948145",0.171524,0.808749,0.784442,0.0171091,3,"False",0.932808602739726,NA,NA,NA,NA,NA,NA,NA
"TFEC","TFEC","MA0871.2","0.942842",0.172874,0.828026,0.79543,0.0460836,3,"False",0.933754802721088,0.391902243362868,0.0161010641909809,0.665227301400385,NA,0.968513012726992,0.956030430841637,1
"SP1","SP1","MA0079.4","0.924781",0.177531,0.846667,0.812589,0.0614765,3,"False",0.950727073825503,0.920097585454071,0.620007370850362,NA,NA,NA,0.938231607217119,1
"MEF2A","MEF2A","MA0052.4","0.921363",0.178411,0.808172,0.766248,0.124498,3,"False",0.950727073825503,0.06541369124686,0.185875047569481,NA,NA,NA,0.845723552180759,0.978140588001681
"Creb3l2","Creb3l2","MA0608.1","0.891791",0.18624,0.858983,0.831136,0.0648713,3,"False",0.957876929411765,0.58260847805905,0.618346567002264,NA,NA,NA,0.97987612123889,1
"HAND2","HAND2","MA1638.1","0.887839",0.187302,0.89399,0.863946,0.0669146,3,"False",0.957876929411765,NA,NA,NA,NA,NA,NA,NA
"PRDM4","PRDM4","MA1647.1","0.884673",0.188146,0.87036,0.842234,0.0900906,3,"False",0.957876929411765,NA,NA,NA,NA,NA,NA,0.998260813629514
"MYB","MYB","MA0100.3","0.883037",0.188588,0.892675,0.864485,0.0908724,3,"False",0.957876929411765,NA,NA,NA,NA,NA,NA,NA
"HINFP","HINFP","MA0131.2","0.876145",0.190463,0.847965,0.819262,0.068277,3,"False",0.957876929411765,NA,NA,NA,NA,NA,NA,NA
"Gmeb1","Gmeb1","MA0615.1","0.874434",0.190934,0.839294,0.817285,0.0339205,3,"False",0.957876929411765,NA,NA,NA,NA,NA,NA,1
"MZF1","MZF1","MA0057.1","0.867336",0.192862,0.929195,0.909997,0.0572666,3,"False",0.957876929411765,0.750159140268479,0.276362816348984,NA,NA,NA,0.558183122734439,0.708364837967364
"TFEB","TFEB","MA0692.1","0.866931",0.192985,0.848608,0.821723,0.027831,3,"False",0.957876929411765,0.0362561204116377,0.0442397122686302,NA,NA,NA,0.95752197652685,1
"KLF2","KLF2","MA1515.1","0.866002",0.19324,0.925306,0.894352,0.0244942,3,"False",0.957876929411765,NA,NA,NA,NA,NA,NA,NA
"EBF1","EBF1","MA0154.4","0.853817",0.19659,0.808113,0.782074,0.0655212,3,"False",0.957876929411765,NA,NA,NA,NA,NA,NA,NA
"JUND","JUND","MA0492.1","0.84469",0.199137,0.821146,0.794849,0.02916,3,"False",0.957876929411765,0.00213584737172787,0.00037436692329244,0.969244389363596,0.968365459009298,0.119665381563243,0.462694681526478,0.900583976414876
"MAFF","MAFF","MA0495.3","0.844252",0.199256,0.769956,0.743798,0.0497887,3,"False",0.957876929411765,NA,NA,NA,NA,NA,NA,NA
"ARNT","ARNT::HIF1A","MA0259.1","0.836652",0.201389,0.919574,0.890666,0.031676,3,"False",0.957876929411765,0.000130176704496163,0.78008277582098,0.297794078068962,0.288731814191624,-1.91874258674473,0.97267103599385,1
"HIF1A","ARNT::HIF1A","MA0259.1","0.836652",0.201389,0.919574,0.890666,0.031676,3,"False",0.957876929411765,0.0189824876337517,0.00618833833399851,0.712393792906835,0.723778437482298,0.491232086628503,0.95752197652685,1
"VDR","VDR","MA0693.2","0.836015",0.201561,0.902061,0.876937,0.0629353,3,"False",0.957876929411765,NA,NA,NA,NA,NA,NA,NA
"Ahr","Ahr::Arnt","MA0006.1","0.831709",0.202783,0.944348,0.913397,0.00867587,3,"False",0.957876929411765,NA,NA,NA,NA,NA,NA,NA
"Arnt","Ahr::Arnt","MA0006.1","0.831709",0.202783,0.944348,0.913397,0.00867587,3,"False",0.957876929411765,0.000130176704496163,0.78008277582098,0.297794078068962,0.288731814191624,-1.91874258674473,0.97267103599385,1
"Smad4","Smad4","MA1153.1","0.830079",0.203233,0.88381,0.855839,0.0775661,3,"False",0.957876929411765,0.697580503134212,0.729732435244116,NA,NA,NA,0.891667321571463,0.995397726935177
"TFE3","TFE3","MA0831.2","0.828273",0.203753,0.879504,0.852278,0.0279265,3,"False",0.957876929411765,NA,NA,NA,NA,NA,NA,0.906271658729581
"POU6F1","POU6F1","MA0628.1","0.82742",0.203996,0.809876,0.770941,0.0174429,3,"False",0.957876929411765,NA,NA,NA,NA,NA,NA,NA
"MEF2C","MEF2C","MA0497.1","0.823536",0.205087,0.833802,0.802844,0.0888859,3,"False",0.957876929411765,0.00020625221679259,0.00656523538801468,NA,NA,NA,0.569762939563036,0.595459985130088
"NEUROG2","NEUROG2","MA1642.1","0.818056",0.206659,0.856734,0.832284,0.00456023,3,"False",0.959574538011696,NA,NA,NA,NA,NA,NA,NA
"ZIC4","ZIC4","MA0751.1","0.781272",0.217317,0.826602,0.806296,0.0219423,3,"False",0.983171018276762,NA,NA,NA,NA,NA,NA,NA
"KLF5","KLF5","MA0599.1","0.779687",0.217783,0.955163,0.92756,0.0333429,3,"False",0.983171018276762,NA,NA,NA,NA,NA,NA,NA
"CREB3","CREB3","MA0638.1","0.758986",0.22392,0.780331,0.760337,0.050095,3,"False",0.983171018276762,NA,NA,NA,NA,NA,NA,NA
"ZNF684","ZNF684","MA1600.1","0.757842",0.224266,0.743369,0.727197,0.0280071,3,"False",0.983171018276762,NA,NA,NA,NA,NA,NA,NA
"BACH1","BACH1","MA1633.1","0.756365",0.224705,0.790745,0.766999,0.0579597,3,"False",0.983171018276762,0.000122174467231899,0.00316998096056681,0.639095392974991,0.648598787517483,-0.0662598472648431,0.788696137395683,0.970624946430401
"REL","REL","MA0101.1","0.755386",0.224996,0.889224,0.869717,0.0561693,3,"False",0.983171018276762,0.0148571458175898,0.0211334172386475,0.962420208341553,0.96222969951034,0.200013583040291,0.913930175613329,1
"SIX2","SIX2","MA1119.1","0.74843",0.227092,0.758486,0.737451,0.0452119,3,"False",0.983171018276762,NA,NA,NA,NA,NA,NA,NA
"ZNF354C","ZNF354C","MA0130.1","0.738724",0.230031,0.978405,0.962358,0.0275495,3,"False",0.983171018276762,NA,NA,NA,NA,NA,NA,NA
"MAFG","MAFG","MA0659.2","0.731762",0.232147,0.770893,0.749157,0.0558886,3,"False",0.983171018276762,0.107810663774725,0.761519051629556,NA,NA,NA,0.916599484426424,1
"KLF15","KLF15","MA1513.1","0.730167",0.232638,0.902185,0.860109,0.0763362,3,"False",0.983171018276762,NA,NA,NA,NA,NA,NA,NA
"MAF","MAF::NFE2","MA0501.1","0.7265",0.233761,0.765167,0.745182,0.0277317,3,"False",0.983171018276762,5.88055474590365e-05,0.00634794728998078,0.924523176940668,0.927095230384418,-0.0623855895254271,0.74133384406734,0.737360922562402
"NFE2","MAF::NFE2","MA0501.1","0.7265",0.233761,0.765167,0.745182,0.0277317,3,"False",0.983171018276762,NA,NA,NA,NA,NA,NA,NA
"ATF2","ATF2","MA1632.1","0.7244",0.234401,0.806132,0.77972,0.0615587,3,"False",0.983171018276762,0.833498710499155,0.896482574708291,NA,NA,NA,0.981177859227552,1
"ERF","ERF","MA0760.1","0.71433",0.237501,0.851983,0.83128,0.0556385,3,"False",0.983171018276762,NA,NA,NA,NA,NA,NA,1
"PLAG1","PLAG1","MA0163.1","0.710151",0.238796,0.821342,0.800424,0.0540783,3,"False",0.983171018276762,0.185554212798797,0.846492529948292,NA,NA,NA,0.540929957303898,0.714524569263078
"ZNF682","ZNF682","MA1599.1","0.699004",0.24227,0.788369,0.766683,0.0337635,3,"False",0.983171018276762,NA,NA,NA,NA,NA,NA,NA
"RHOXF1","RHOXF1","MA0719.1","0.695814",0.243266,0.961026,0.946755,0.0277819,3,"False",0.983171018276762,NA,NA,NA,NA,NA,NA,NA
"THRB","THRB","MA1575.1","0.695732",0.243288,0.755603,0.739063,0.046814,3,"False",0.983171018276762,0.108214529476892,0.164451160573171,NA,0.963462892418646,NA,0.523872635122463,0.978140588001681
"SNAI3","SNAI3","MA1559.1","0.679596",0.248356,0.855952,0.835868,0.0979069,3,"False",0.983171018276762,NA,NA,NA,NA,NA,NA,NA
"TFAP2E","TFAP2E","MA1569.1","0.676137",0.249473,0.901083,0.876258,0.0297867,3,"False",0.983171018276762,NA,NA,NA,NA,NA,NA,NA
"Hic1","Hic1","MA0739.1","0.667959",0.25207,0.881184,0.864458,0.0479908,3,"False",0.983171018276762,NA,NA,NA,NA,NA,NA,NA
"TFAP2A","TFAP2A","MA0810.1","0.657489",0.255425,0.892487,0.873406,0.0491782,3,"False",0.983171018276762,NA,NA,NA,NA,NA,NA,NA
"MEF2D","MEF2D","MA0773.1","0.638974",0.2614,0.785397,0.756895,0.133821,3,"False",0.983171018276762,0.628206867806569,0.134239794251456,NA,NA,NA,0.912130424246269,0.995397726935177
"TFAP2A","TFAP2A","MA0872.1","0.638453",0.261586,0.827048,0.804318,0.0104172,3,"False",0.983171018276762,NA,NA,NA,NA,NA,NA,NA
"DPRX","DPRX","MA1480.1","0.63807",0.261701,0.824687,0.804567,0.0741004,3,"False",0.983171018276762,NA,NA,NA,NA,NA,NA,NA
"Bach1","Bach1::Mafk","MA0591.1","0.635772",0.262458,0.782432,0.76653,0.0251077,3,"False",0.983171018276762,0.000122174467231899,0.00316998096056681,0.639095392974991,0.648598787517483,-0.0662598472648431,0.788696137395683,0.970624946430401
"Mafk","Bach1::Mafk","MA0591.1","0.635772",0.262458,0.782432,0.76653,0.0251077,3,"False",0.983171018276762,NA,NA,NA,NA,NA,NA,NA
"MSC","MSC","MA0665.1","0.627491",0.265158,0.825443,0.808316,0.0560719,3,"False",0.983171018276762,NA,NA,NA,NA,NA,NA,NA
"BACH2","BACH2","MA1470.1","0.623287",0.266541,0.710645,0.694831,0.0396808,3,"False",0.983171018276762,NA,NA,NA,NA,NA,NA,NA
"Ddit3","Ddit3::Cebpa","MA0019.1","0.619568",0.267767,0.841837,0.826143,0.0198736,3,"False",0.983171018276762,NA,NA,NA,NA,NA,NA,NA
"Cebpa","Ddit3::Cebpa","MA0019.1","0.619568",0.267767,0.841837,0.826143,0.0198736,3,"False",0.983171018276762,0.095210391575564,0.128137370439723,0.710804652961764,0.722015162730796,0.259513012100828,0.983744787855001,1
"EWSR1-FLI1","EWSR1-FLI1","MA0149.1","0.616455",0.268794,0.708304,0.688734,0.0171235,3,"False",0.983171018276762,NA,NA,NA,NA,NA,NA,NA
"NFE2L1","NFE2L1","MA0089.2","0.612918",0.269955,0.754901,0.737551,0.0594999,3,"False",0.983171018276762,0.343475208929453,0.296193497977072,NA,NA,NA,0.9608977529516,1
"Tcf21","Tcf21","MA0832.1","0.596973",0.275256,0.755095,0.737949,0.0400809,3,"False",0.983171018276762,NA,NA,NA,NA,NA,NA,NA
"SMAD5","SMAD5","MA1557.1","0.595951",0.275601,0.797234,0.781728,0.00844615,3,"False",0.983171018276762,0.245245971448242,0.878756380508236,NA,NA,NA,0.340391772616767,0.448940582493931
"TCFL5","TCFL5","MA0632.2","0.595893",0.275619,0.858577,0.835763,0.0353027,3,"False",0.983171018276762,NA,NA,NA,NA,NA,NA,NA
"Tcf12","Tcf12","MA0521.1","0.592183",0.276855,0.882104,0.863658,0.0573676,3,"False",0.983171018276762,0.0992729047489016,0.321105686767412,NA,NA,NA,0.982388018596308,1
"EGR4","EGR4","MA0733.1","0.588265",0.278165,0.797339,0.780201,0.0680202,3,"False",0.983171018276762,NA,NA,NA,NA,NA,NA,NA
"NR1H4","NR1H4::RXRA","MA1146.1","0.581527",0.280433,0.770037,0.757709,0.0435901,3,"False",0.983171018276762,NA,NA,NA,NA,NA,NA,NA
"RXRA","NR1H4::RXRA","MA1146.1","0.581527",0.280433,0.770037,0.757709,0.0435901,3,"False",0.983171018276762,0.139761153277898,0.721367296732927,NA,NA,NA,0.749963235226969,0.907141144164529
"TGIF2","TGIF2","MA0797.1","0.574027",0.28297,0.747601,0.730896,0.0346408,3,"False",0.983171018276762,0.0801443139355163,0.670109356996351,NA,NA,NA,0.686003744563706,0.95333498695086
"NKX2-8","NKX2-8","MA0673.1","0.573241",0.283235,0.908175,0.895011,0.0323103,3,"False",0.983171018276762,NA,NA,NA,NA,NA,NA,NA
"IRF7","IRF7","MA0772.1","0.570645",0.2841,0.778897,0.760339,0.104031,3,"False",0.983171018276762,NA,NA,NA,NA,NA,NA,NA
"IRF8","IRF8","MA0652.1","0.563433",0.28655,0.731884,0.716154,0.0892191,3,"False",0.983171018276762,0.980359984858083,0.198676476317895,NA,NA,NA,0.935899262957014,1
"ZNF384","ZNF384","MA1125.1","0.55993",0.287745,0.838132,0.801516,0.196694,3,"False",0.983171018276762,NA,NA,NA,NA,NA,NA,NA
"MEF2B","MEF2B","MA0660.1","0.553944",0.28979,0.770819,0.747181,0.132512,3,"False",0.983171018276762,NA,NA,NA,NA,NA,NA,NA
"HOXC9","HOXC9","MA0485.2","0.553559",0.289938,0.798462,0.779078,0.0118807,3,"False",0.983171018276762,NA,NA,NA,NA,NA,NA,NA
"Nkx3-1","Nkx3-1","MA0124.2","0.550264",0.291065,0.849268,0.832362,0.0319516,3,"False",0.983171018276762,NA,NA,NA,NA,NA,NA,NA
"HOXD11","HOXD11","MA0908.1","0.51385",0.303675,0.829748,0.811412,0.0210403,3,"False",0.983171018276762,NA,NA,NA,NA,NA,NA,NA
"LIN54","LIN54","MA0619.1","0.509631",0.305151,0.873926,0.848971,0.0522304,3,"False",0.983171018276762,0.871243795882109,0.793350355581462,NA,NA,NA,0.92845493570217,1
"HSF4","HSF4","MA0771.1","0.509366",0.305238,0.795876,0.781862,0.059084,3,"False",0.983171018276762,NA,NA,NA,NA,NA,NA,NA
"PBX3","PBX3","MA1114.1","0.50258",0.307618,0.771527,0.757345,0.0668958,3,"False",0.983171018276762,0.0672148212989038,0.695392287516395,NA,NA,NA,0.295259509909356,0.632985622258138
"TFAP2C","TFAP2C","MA0815.1","0.501922",0.307859,0.826997,0.809526,0.00899858,3,"False",0.983171018276762,NA,NA,NA,NA,NA,NA,NA
"Crx","Crx","MA0467.1","0.494322",0.310536,0.831265,0.817748,0.0164772,3,"False",0.983171018276762,NA,NA,NA,NA,NA,NA,NA
"SPIC","SPIC","MA0687.1","0.480268",0.315506,0.816296,0.803793,0.0688975,3,"False",0.983171018276762,NA,NA,NA,NA,NA,NA,NA
"KLF4","KLF4","MA0039.4","0.476506",0.316854,0.898592,0.879556,0.0200632,3,"False",0.983171018276762,NA,NA,NA,NA,NA,NA,NA
"HOXB9","HOXB9","MA1503.1","0.471873",0.318506,0.805035,0.78887,0.00879181,3,"False",0.983171018276762,NA,NA,NA,NA,NA,NA,NA
"YY2","YY2","MA0748.2","0.464821",0.321019,0.838643,0.821895,0.086064,3,"False",0.983171018276762,NA,NA,NA,NA,NA,NA,NA
"SP4","SP4","MA0685.1","0.464584",0.321109,0.808494,0.791926,0.057657,3,"False",0.983171018276762,0.0347569114072693,0.795992268780344,0.693506164981703,0.704989586522857,-1.08973556750617,0.984215435344917,1
"HSF2","HSF2","MA0770.1","0.459006",0.323109,0.765942,0.751853,0.0496407,3,"False",0.983171018276762,NA,NA,NA,NA,NA,NA,NA
"Atoh1","Atoh1","MA0461.2","0.456163",0.324134,0.836404,0.823517,0.0169477,3,"False",0.983171018276762,NA,NA,NA,NA,NA,NA,NA
"NFIA","NFIA","MA0670.1","0.449542",0.326514,0.860158,0.843625,0.0647247,3,"False",0.983171018276762,0.189572954330631,0.455343207249935,NA,NA,NA,0.831574904050392,0.995397726935177
"TP63","TP63","MA0525.2","0.442967",0.328892,0.707153,0.696725,0.014389,3,"False",0.983171018276762,NA,NA,NA,NA,NA,NA,NA
"RARA","RARA::RXRG","MA1149.1","0.441453",0.329436,0.800345,0.790771,0.0369916,3,"False",0.983171018276762,NA,NA,NA,NA,NA,NA,NA
"RXRG","RARA::RXRG","MA1149.1","0.441453",0.329436,0.800345,0.790771,0.0369916,3,"False",0.983171018276762,NA,NA,NA,NA,NA,NA,NA
"CREB1","CREB1","MA0018.4","0.439757",0.330047,0.804245,0.786928,0.0890699,3,"False",0.983171018276762,0.421053696400565,0.0567551792830858,NA,NA,NA,0.931824274771687,1
"VEZF1","VEZF1","MA1578.1","0.425817",0.335117,0.882394,0.867548,0.0376474,3,"False",0.983171018276762,0.10070730839566,0.474048432798857,NA,NA,NA,0.735949984150745,0.930362316256601
"HSF1","HSF1","MA0486.2","0.41698",0.338342,0.751585,0.738534,0.0453097,3,"False",0.983171018276762,0.758656440866815,0.434872384745962,NA,NA,NA,0.997442458117971,1
"TFAP2B","TFAP2B","MA0811.1","0.413257",0.339704,0.869092,0.857551,0.0457863,3,"False",0.983171018276762,NA,NA,NA,NA,NA,NA,NA
"NFATC4","NFATC4","MA1525.1","0.412206",0.340092,0.874587,0.861923,0.0210675,3,"False",0.983171018276762,NA,NA,NA,NA,NA,NA,NA
"ELF1","ELF1","MA0473.3","0.407505",0.34181,0.819468,0.80716,0.064593,3,"False",0.983171018276762,0.00109854969242985,0.104683052651794,NA,NA,NA,0.693012885840123,0.970624946430401
"GSC","GSC","MA0648.1","0.397696",0.345413,0.846593,0.833033,0.104784,3,"False",0.983171018276762,NA,NA,NA,NA,NA,NA,NA
"ETV2","ETV2","MA0762.1","0.394347",0.346639,0.816434,0.805106,0.115594,3,"False",0.983171018276762,NA,NA,NA,NA,NA,NA,NA
"Nkx2-5","Nkx2-5","MA0503.1","0.391004",0.347891,0.862968,0.853514,0.0424409,3,"False",0.983171018276762,NA,NA,NA,NA,NA,NA,NA
"Nr5a2","Nr5a2","MA0505.1","0.384335",0.350363,0.788956,0.778761,0.0141552,3,"False",0.983171018276762,NA,NA,NA,NA,NA,NA,NA
"ELF4","ELF4","MA0641.1","0.382466",0.351054,0.791652,0.779983,0.0413333,3,"False",0.983171018276762,NA,NA,NA,NA,NA,NA,NA
"POU2F2","POU2F2","MA0507.1","0.37068",0.355433,0.795048,0.779783,0.0667312,3,"False",0.983171018276762,0.000467163151566632,0.022474514952967,0.838615594695157,0.84605484600195,-0.0467969390593974,0.907721297885534,1
"Pax2","Pax2","MA0067.1","0.370656",0.355439,0.934828,0.926513,0.0481948,3,"False",0.983171018276762,NA,NA,NA,NA,NA,NA,NA
"KLF6","KLF6","MA1517.1","0.368902",0.356098,0.892618,0.880258,0.0264623,3,"False",0.983171018276762,0.774954158220823,0.288446467924323,NA,NA,NA,0.97987612123889,1
"E2F2","E2F2","MA0864.2","0.356584",0.360698,0.764583,0.755513,0.0331597,3,"False",0.983171018276762,NA,NA,NA,NA,NA,NA,NA
"YY1","YY1","MA0095.2","0.35548",0.361099,0.809063,0.796807,0.117601,3,"False",0.983171018276762,0.0163808451752743,0.202027356229707,NA,NA,NA,0.348522330692457,0.640267061314599
"EHF","EHF","MA0598.3","0.348566",0.3637,0.813507,0.803084,0.0649953,3,"False",0.983171018276762,NA,NA,NA,NA,NA,NA,NA
"NFATC1","NFATC1","MA0624.1","0.345558",0.364835,0.889914,0.879874,0.030102,3,"False",0.983171018276762,0.0528481056981024,0.660443026516999,0.787186833706947,0.797162435572516,-0.701672395276373,0.988597853062605,1
"NKX2-3","NKX2-3","MA0672.1","0.339641",0.367059,0.871744,0.862678,0.0391568,3,"False",0.983171018276762,NA,NA,NA,NA,NA,NA,NA
"ZEB1","ZEB1","MA0103.3","0.335449",0.368639,0.885027,0.87369,0.0514778,3,"False",0.983171018276762,0.150428195464837,0.391496008265238,NA,NA,NA,0.684706107179657,0.745106094646292
"MYOD1","MYOD1","MA0499.2","0.332626",0.369694,0.835024,0.825451,0.0941533,3,"False",0.983171018276762,NA,NA,NA,NA,NA,NA,NA
"TGIF1","TGIF1","MA0796.1","0.328726",0.371179,0.707399,0.696999,0.0295401,3,"False",0.983171018276762,NA,NA,NA,NA,NA,NA,NA
"MSANTD3","MSANTD3","MA1523.1","0.325027",0.372578,0.857055,0.848171,0.0231684,3,"False",0.983171018276762,NA,NA,NA,NA,NA,NA,NA
"GABPA","GABPA","MA0062.3","0.323785",0.373043,0.815924,0.806282,0.0656353,3,"False",0.983171018276762,0.806378245923374,0.412699825733298,NA,NA,NA,0.649332731579657,0.89202980051265
"ZNF136","ZNF136","MA1588.1","0.320401",0.374328,0.736126,0.727715,0.0424161,3,"False",0.983171018276762,NA,NA,NA,NA,NA,NA,NA
"TFAP2C","TFAP2C","MA0524.2","0.298516",0.38265,0.861952,0.853662,0.048609,3,"False",0.983171018276762,NA,NA,NA,NA,NA,NA,NA
"GATA5","GATA5","MA0766.2","0.29636",0.383476,0.856065,0.846353,0.0142714,3,"False",0.983171018276762,NA,NA,NA,NA,NA,NA,NA
"TEF","TEF","MA0843.1","0.288973",0.386298,0.780263,0.770451,0.046034,3,"False",0.983171018276762,0.254751907416132,0.000853120320037845,0.601305391012551,0.606756377200644,0.913064122429104,0.506636240103034,NA
"E2F8","E2F8","MA0865.1","0.285407",0.387663,0.740412,0.732586,0.0319886,3,"False",0.983171018276762,NA,NA,NA,NA,NA,NA,NA
"IRF6","IRF6","MA1509.1","0.283132",0.388525,0.800215,0.792275,0.0980764,3,"False",0.983171018276762,NA,NA,NA,NA,NA,NA,NA
"FIGLA","FIGLA","MA0820.1","0.278391",0.390344,0.871919,0.863992,0.0928756,3,"False",0.983171018276762,NA,NA,NA,NA,NA,NA,NA
"Prdm15","Prdm15","MA1616.1","0.270961",0.393208,0.781778,0.774667,0.0251287,3,"False",0.983171018276762,NA,NA,NA,NA,NA,NA,NA
"IKZF1","IKZF1","MA1508.1","0.262602",0.396415,0.839109,0.831165,0.110379,3,"False",0.983171018276762,0.588730159467944,0.0436253167063951,0.652811258495272,0.663072197315139,1.13139906238984,0.812492769710658,0.897705996846706
"Alx4","Alx4","MA0853.1","0.261711",0.39677,0.749707,0.74091,0.0411667,3,"False",0.983171018276762,NA,NA,NA,NA,NA,NA,NA
"EGR1","EGR1","MA0162.4","0.259355",0.397678,0.822822,0.812172,0.0544658,3,"False",0.983171018276762,NA,NA,NA,NA,NA,NA,NA
"SOHLH2","SOHLH2","MA1560.1","0.259047",0.397796,0.811237,0.802357,0.0535615,3,"False",0.983171018276762,NA,NA,NA,NA,NA,NA,NA
"HLTF","HLTF","MA0109.1","0.254273",0.39964,0.948711,0.944413,0.0205143,3,"False",0.983171018276762,0.148579519766776,0.498293383585045,NA,NA,NA,0.730769179795134,0.866593397555933
"JUN","JUN::JUNB","MA1132.1","0.25221",0.400437,0.825461,0.817917,0.028719,3,"False",0.983171018276762,0.550621086863162,0.379405074105125,NA,NA,NA,0.97267103599385,0.985501378612174
"JUNB","JUN::JUNB","MA1132.1","0.25221",0.400437,0.825461,0.817917,0.028719,3,"False",0.983171018276762,0.329201788665352,0.634586227783019,NA,NA,NA,0.67285833371456,0.770013143376798
"FOSL2","FOSL2","MA0478.1","0.250143",0.401235,0.830196,0.822129,0.0567663,3,"False",0.983171018276762,NA,NA,NA,NA,NA,NA,NA
"Ptf1a","Ptf1a","MA1618.1","0.250148",0.401235,0.825412,0.817587,0.0101301,3,"False",0.983171018276762,NA,NA,NA,NA,NA,NA,NA
"PITX3","PITX3","MA0714.1","0.245712",0.402941,0.86133,0.853187,0.117259,3,"False",0.983171018276762,NA,NA,NA,NA,NA,NA,NA
"Stat5b","Stat5b","MA1625.1","0.235108",0.407059,0.797742,0.789661,0.051686,3,"False",0.983171018276762,0.00932168928192519,0.0018857161028781,0.665227301400385,0.676210121770699,0.50547876843514,0.922030771616177,1
"ELF2","ELF2","MA1483.1","0.234573",0.407266,0.797125,0.790052,0.0575534,3,"False",0.983171018276762,0.00049756870150044,0.0398390842678636,0.770639686586911,0.781435806121207,-0.10241968266152,0.995482786615685,0.996649644492634
"E2F4","E2F4","MA0470.2","0.226976",0.41022,0.753216,0.747338,0.0207691,3,"False",0.983171018276762,NA,NA,NA,NA,NA,NA,0.985501378612174
"HOXA13","HOXA13","MA0650.2","0.226775",0.410296,0.800572,0.792936,0.0519793,3,"False",0.983171018276762,NA,NA,NA,NA,NA,NA,NA
"PAX1","PAX1","MA0779.1","0.21986",0.412984,0.752832,0.74848,0.0507264,3,"False",0.983171018276762,NA,NA,NA,NA,NA,NA,NA
"Znf423","Znf423","MA0116.1","0.214976",0.414891,0.831601,0.826226,0.0183477,3,"False",0.983171018276762,NA,NA,NA,NA,NA,NA,NA
"PAX5","PAX5","MA0014.3","0.214439",0.415101,0.819298,0.813171,0.0116651,3,"False",0.983171018276762,NA,NA,NA,NA,NA,NA,NA
"ELF3","ELF3","MA0640.2","0.207191",0.417928,0.826058,0.820002,0.0441714,3,"False",0.983171018276762,NA,NA,NA,NA,NA,NA,NA
"HOXD13","HOXD13","MA0909.2","0.206843",0.418065,0.815106,0.809276,0.0250378,3,"False",0.983171018276762,NA,NA,NA,NA,NA,NA,NA
"E2F7","E2F7","MA0758.1","0.205338",0.418653,0.697149,0.69133,0.00908709,3,"False",0.983171018276762,NA,NA,NA,NA,NA,NA,NA
"SP3","SP3","MA0746.2","0.1973",0.421795,0.860065,0.852593,0.0117143,3,"False",0.983171018276762,0.00668403130228064,0.273407951218111,NA,NA,NA,0.613704027134799,0.636816781010561
"OVOL2","OVOL2","MA1545.1","0.196419",0.42214,0.792231,0.786856,0.0174442,3,"False",0.983171018276762,NA,NA,NA,NA,NA,NA,NA
"NR4A2","NR4A2::RXRA","MA1147.1","0.1924",0.423711,0.77764,0.773537,0.0362074,3,"False",0.983171018276762,NA,NA,NA,NA,NA,NA,NA
"RXRA","NR4A2::RXRA","MA1147.1","0.1924",0.423711,0.77764,0.773537,0.0362074,3,"False",0.983171018276762,0.139761153277898,0.721367296732927,NA,NA,NA,0.749963235226969,0.907141144164529
"KLF14","KLF14","MA0740.1","0.18813",0.425386,0.824499,0.818128,0.0307326,3,"False",0.983171018276762,NA,NA,NA,NA,NA,NA,NA
"CEBPG","CEBPG","MA0838.1","0.187653",0.425572,0.780915,0.775369,0.040201,3,"False",0.983171018276762,0.269136418738359,0.267590726941234,NA,NA,NA,0.683737845799799,0.799217469169761
"INSM1","INSM1","MA0155.1","0.186555",0.426,0.861546,0.857047,0.0565592,3,"False",0.983171018276762,NA,NA,NA,NA,NA,NA,NA
"SP9","SP9","MA1564.1","0.185559",0.426394,0.872245,0.865208,0.0180847,3,"False",0.983171018276762,NA,NA,NA,NA,NA,NA,NA
"TFAP2B","TFAP2B","MA0813.1","0.18273",0.427504,0.82222,0.816155,0.00909645,3,"False",0.983171018276762,NA,NA,NA,NA,NA,NA,NA
"XBP1","XBP1","MA0844.1","0.172935",0.431349,0.758516,0.754141,0.0428445,3,"False",0.983171018276762,0.00120155024431808,0.0309870589130357,0.620177196476327,0.625935145905986,-0.396973428232469,0.693012885840123,0.914409040244026
"ZNF16","ZNF16","MA1654.1","0.16879",0.432979,0.703662,0.700343,0.0245541,3,"False",0.983171018276762,NA,NA,NA,NA,NA,NA,NA
"ETV1","ETV1","MA0761.2","0.16216",0.435585,0.818442,0.813569,0.0759112,3,"False",0.983171018276762,NA,NA,NA,NA,NA,NA,NA
"SMAD3","SMAD3","MA0795.1","0.161065",0.43602,0.757471,0.752813,0.0242639,3,"False",0.983171018276762,0.144756738356305,0.623171646413718,NA,NA,NA,0.96912235183743,1
"IRF4","IRF4","MA1419.1","0.158866",0.436883,0.704934,0.700638,0.0696694,3,"False",0.983171018276762,NA,NA,NA,NA,NA,NA,NA
"HOXD10","HOXD10","MA1506.1","0.155276",0.438301,0.779384,0.774477,0.022953,3,"False",0.983171018276762,NA,NA,NA,NA,NA,NA,NA
"Plagl1","Plagl1","MA1615.1","0.15148",0.439797,0.831272,0.825969,0.0309112,3,"False",0.983171018276762,0.505391207900592,0.379410008787928,NA,NA,NA,0.891667321571463,0.960178473435217
"NFATC3","NFATC3","MA0625.1","0.147995",0.441172,0.866422,0.861871,0.0286506,3,"False",0.983171018276762,0.00574131169356228,0.364692903683268,NA,NA,NA,0.945828923338707,1
"MTF1","MTF1","MA0863.1","0.132498",0.447294,0.731976,0.728912,0.0318319,3,"False",0.983171018276762,NA,NA,NA,NA,NA,NA,NA
"Dmbx1","Dmbx1","MA0883.1","0.127848",0.449131,0.788337,0.784689,0.0767417,3,"False",0.983171018276762,NA,NA,NA,NA,NA,NA,NA
"HIF1A","HIF1A","MA1106.1","0.126941",0.449492,0.83827,0.833935,0.041057,3,"False",0.983171018276762,0.0189824876337517,0.00618833833399851,0.712393792906835,0.723778437482298,0.491232086628503,0.95752197652685,1
"PKNOX2","PKNOX2","MA0783.1","0.126219",0.449778,0.726774,0.723001,0.0373108,3,"False",0.983171018276762,NA,NA,NA,NA,NA,NA,NA
"ZSCAN4","ZSCAN4","MA1155.1","0.125414",0.450097,0.734231,0.730937,0.0225627,3,"False",0.983171018276762,NA,NA,NA,NA,NA,NA,NA
"ZNF263","ZNF263","MA0528.2","0.124815",0.450334,0.861132,0.856546,0.0172254,3,"False",0.983171018276762,0.0106866741815332,0.23897597826767,0.819848299047968,0.828987081616977,-0.283862590696753,0.561817577118635,0.897592144139462
"TP73","TP73","MA0861.1","0.107853",0.457055,0.745055,0.74256,0.0113989,3,"False",0.983171018276762,NA,NA,NA,NA,NA,NA,NA
"OVOL1","OVOL1","MA1544.1","0.0989089",0.460605,0.750053,0.747231,0.0201058,3,"False",0.983171018276762,NA,NA,NA,NA,NA,NA,NA
"BACH2","BACH2","MA1101.2","0.0976912",0.461088,0.712339,0.709513,0.0280089,3,"False",0.983171018276762,NA,NA,NA,NA,NA,NA,NA
"ZNF740","ZNF740","MA0753.2","0.0941761",0.462484,0.807223,0.803708,0.0363097,3,"False",0.983171018276762,NA,NA,NA,NA,NA,NA,NA
"ZBTB14","ZBTB14","MA1650.1","0.0902803",0.464031,0.824183,0.820331,0.0379572,3,"False",0.983171018276762,NA,NA,NA,NA,NA,NA,NA
"THAP1","THAP1","MA0597.1","0.0864535",0.465552,0.923176,0.921664,0.00303827,3,"False",0.983171018276762,NA,NA,NA,NA,NA,NA,NA
"ETS1","ETS1","MA0098.3","0.0849321",0.466155,0.848801,0.846278,0.0733402,3,"False",0.983171018276762,NA,NA,NA,NA,NA,NA,NA
"ZNF282","ZNF282","MA1154.1","0.0644526",0.474303,0.741656,0.7402,0.0553252,3,"False",0.983171018276762,NA,NA,NA,NA,NA,NA,NA
"SRY","SRY","MA0084.1","0.064081",0.474452,0.876838,0.874533,0.067948,3,"False",0.983171018276762,NA,NA,NA,NA,NA,NA,NA
"ATOH1","ATOH1","MA1467.1","0.0596248",0.476226,0.831682,0.83003,0.0422373,3,"False",0.983171018276762,NA,NA,NA,NA,NA,NA,NA
"Nkx3-2","Nkx3-2","MA0122.3","0.0592211",0.476387,0.77778,0.775699,0.0360406,3,"False",0.983171018276762,NA,NA,NA,NA,NA,NA,NA
"KLF13","KLF13","MA0657.1","0.0485143",0.480653,0.740481,0.739248,0.0272888,3,"False",0.983171018276762,0.441687823251898,0.46767677259426,NA,NA,NA,0.982498227715656,1
"TWIST1","TWIST1","MA1123.2","0.0477494",0.480957,0.818024,0.816578,0.060332,3,"False",0.983171018276762,NA,NA,NA,NA,NA,NA,NA
"NHLH2","NHLH2","MA1529.1","0.0469242",0.481286,0.737626,0.736319,0.0649156,3,"False",0.983171018276762,NA,NA,NA,NA,NA,NA,NA
"Lhx3","Lhx3","MA0135.1","0.039566",0.484219,0.778842,0.777149,0.0510962,3,"False",0.983171018276762,NA,NA,NA,NA,NA,NA,NA
"Mafb","Mafb","MA0117.2","0.0387454",0.484546,0.814014,0.812943,0.062534,3,"False",0.983171018276762,0.154066294075232,0.436581963725356,NA,NA,NA,0.938252673273131,1
"RELB","RELB","MA1117.1","0.0327041",0.486955,0.825363,0.824403,0.0602911,3,"False",0.983171018276762,NA,NA,NA,NA,NA,NA,NA
"Stat4","Stat4","MA0518.1","0.0305657",0.487807,0.83361,0.832738,0.0807654,3,"False",0.983171018276762,NA,NA,NA,NA,NA,NA,NA
"SP8","SP8","MA0747.1","0.0304995",0.487834,0.871328,0.870403,0.00774809,3,"False",0.983171018276762,NA,NA,NA,NA,NA,NA,NA
"NFE2","NFE2","MA0841.1","0.0238447",0.490488,0.756814,0.756022,0.0230573,3,"False",0.983171018276762,NA,NA,NA,NA,NA,NA,NA
"HOXC10","HOXC10","MA0905.1","0.0198724",0.492072,0.828053,0.827346,0.0181122,3,"False",0.983171018276762,NA,NA,NA,NA,NA,NA,NA
"HOXB13","HOXB13","MA0901.2","0.0184667",0.492633,0.768645,0.767805,0.102471,3,"False",0.983171018276762,NA,NA,NA,NA,NA,NA,NA
"TBP","TBP","MA0108.2","0.0163495",0.493478,0.820442,0.819899,0.0525426,3,"False",0.983171018276762,NA,NA,NA,NA,NA,NA,NA
"CREB3L4","CREB3L4","MA1474.1","0.0155393",0.493801,0.795535,0.795119,0.0248873,3,"False",0.983171018276762,NA,NA,NA,NA,NA,NA,NA
"POU1F1","POU1F1","MA0784.1","0.00929668",0.496291,0.73376,0.733381,0.0496037,3,"False",0.983171018276762,NA,NA,NA,NA,NA,NA,NA
"Mlxip","Mlxip","MA0622.1","0.00619623",0.497528,0.824152,0.823892,0.0149632,3,"False",0.983171018276762,0.0136192006917702,0.295047944073477,NA,NA,NA,0.831574904050392,0.985501378612174
"SOX15","SOX15","MA1152.1","0.00537977",0.497854,0.867151,0.866958,0.0558198,3,"False",0.983171018276762,NA,NA,NA,NA,NA,NA,NA
"GCM2","GCM2","MA0767.1","0.00524692",0.497907,0.835351,0.835222,0.0323585,3,"False",0.983171018276762,NA,NA,NA,NA,NA,NA,NA
"RELA","RELA","MA0107.1","0.00349865",0.498604,0.826305,0.826197,0.0526724,3,"False",0.983171018276762,NA,NA,NA,NA,NA,NA,NA
"ONECUT1","ONECUT1","MA0679.2","0.00260417",0.498961,0.717343,0.717223,0.0493287,3,"False",0.983171018276762,NA,NA,NA,NA,NA,NA,NA
"NR1I3","NR1I3","MA1534.1","-0.000736302",0.500294,0.841054,0.841076,0.0220154,3,"False",0.983171018276762,NA,NA,NA,NA,NA,NA,NA
"MNT","MNT","MA0825.1","-0.00188946",0.500754,0.834967,0.83503,0.0440768,3,"False",0.983171018276762,NA,NA,NA,NA,NA,NA,NA
"ASCL1","ASCL1","MA1631.1","-0.00248705",0.500992,0.840283,0.840361,0.031758,3,"False",0.983171018276762,NA,NA,NA,NA,NA,NA,NA
"NFIC","NFIC","MA1527.1","-0.00344755",0.501375,0.743213,0.743314,0.029188,3,"False",0.983171018276762,0.0674447520536455,0.151080142285841,NA,NA,NA,0.169569332604161,0.382057472634142
"THAP11","THAP11","MA1573.1","-0.00470826",0.501878,0.71364,0.713794,0.0213027,3,"False",0.983171018276762,NA,NA,NA,NA,NA,NA,NA
"HOXC11","HOXC11","MA0651.1","-0.00897251",0.50358,0.790557,0.790853,0.00594976,3,"False",0.983171018276762,NA,NA,NA,NA,NA,NA,NA
"TCF3","TCF3","MA0522.3","-0.0251599",0.510036,0.870921,0.871721,0.00179447,3,"False",0.983171018276762,NA,NA,NA,NA,NA,NA,NA
"ZKSCAN5","ZKSCAN5","MA1652.1","-0.0365813",0.514591,0.820256,0.821351,0.0424308,3,"False",0.983171018276762,NA,NA,NA,NA,NA,NA,NA
"KLF17","KLF17","MA1514.1","-0.0367316",0.514651,0.781469,0.782544,0.0490019,3,"False",0.983171018276762,NA,NA,NA,NA,NA,NA,NA
"TEAD3","TEAD3","MA0808.1","-0.0396566",0.515817,0.868997,0.870246,0.0307004,3,"False",0.983171018276762,NA,NA,NA,NA,NA,NA,NA
"ATF4","ATF4","MA0833.2","-0.0420641",0.516777,0.761529,0.762907,0.0347758,3,"False",0.983171018276762,0.00287022060362636,0.194646092281601,0.824426763257678,0.833036645900166,-0.514671018812951,0.97177514085969,1
"SCRT1","SCRT1","MA0743.2","-0.0442255",0.517639,0.757859,0.759067,0.0781907,3,"False",0.983171018276762,NA,NA,NA,NA,NA,NA,NA
"Mecom","Mecom","MA0029.1","-0.0457745",0.518256,0.747876,0.749394,0.0782434,3,"False",0.983171018276762,NA,NA,NA,NA,NA,NA,NA
"TFAP4","TFAP4","MA1570.1","-0.0495517",0.519761,0.859523,0.860875,0.0568545,3,"False",0.983171018276762,NA,NA,NA,NA,NA,NA,NA
"PAX6","PAX6","MA0069.1","-0.0586969",0.523404,0.766667,0.767996,0.00573427,3,"False",0.983171018276762,NA,NA,NA,NA,NA,NA,NA
"SMAD2","SMAD2::SMAD3::SMAD4","MA0513.1","-0.0676639",0.526975,0.804556,0.806328,0.0602829,3,"False",0.983171018276762,0.786338881654887,0.372485248898129,NA,NA,NA,0.408662072333748,0.595459985130088
"SMAD3","SMAD2::SMAD3::SMAD4","MA0513.1","-0.0676639",0.526975,0.804556,0.806328,0.0602829,3,"False",0.983171018276762,0.144756738356305,0.623171646413718,NA,NA,NA,0.96912235183743,1
"SMAD4","SMAD2::SMAD3::SMAD4","MA0513.1","-0.0676639",0.526975,0.804556,0.806328,0.0602829,3,"False",0.983171018276762,0.697580503134212,0.729732435244116,NA,NA,NA,0.891667321571463,0.995397726935177
"TAL1","TAL1::TCF3","MA0091.1","-0.0740173",0.529502,0.810811,0.812849,0.0295967,3,"False",0.983171018276762,0.160416548547166,0.449041229132277,NA,NA,NA,0.868366021789343,0.970624946430401
"TCF3","TAL1::TCF3","MA0091.1","-0.0740173",0.529502,0.810811,0.812849,0.0295967,3,"False",0.983171018276762,NA,NA,NA,NA,NA,NA,NA
"HEY2","HEY2","MA0649.1","-0.0763427",0.530427,0.812261,0.814695,0.0284426,3,"False",0.983171018276762,NA,NA,NA,NA,NA,NA,NA
"SRF","SRF","MA0083.3","-0.084626",0.533721,0.681396,0.683802,0.0235686,3,"False",0.983171018276762,NA,NA,NA,NA,NA,NA,NA
"SP2","SP2","MA0516.2","-0.088212",0.535147,0.786682,0.78945,0.036363,3,"False",0.983171018276762,NA,NA,NA,NA,NA,NA,NA
"JUN","JUN","MA0489.1","-0.0955486",0.538061,0.797787,0.800788,0.028038,3,"False",0.983171018276762,0.550621086863162,0.379405074105125,NA,NA,NA,0.97267103599385,0.985501378612174
"Hand1","Hand1::Tcf3","MA0092.1","-0.0962351",0.538335,0.878542,0.880692,0.0437661,3,"False",0.983171018276762,NA,NA,NA,NA,NA,NA,NA
"Tcf3","Hand1::Tcf3","MA0092.1","-0.0962351",0.538335,0.878542,0.880692,0.0437661,3,"False",0.983171018276762,NA,NA,NA,NA,NA,NA,NA
"HOXC12","HOXC12","MA0906.1","-0.0968485",0.538577,0.772063,0.775166,0.0155004,3,"False",0.983171018276762,NA,NA,NA,NA,NA,NA,NA
"TP53","TP53","MA0106.3","-0.102827",0.54095,0.70563,0.707924,0.0147694,3,"False",0.983171018276762,NA,NA,NA,NA,NA,NA,NA
"CENPB","CENPB","MA0637.1","-0.102939",0.540996,0.780521,0.78272,0.0353341,3,"False",0.983171018276762,NA,NA,NA,NA,NA,NA,NA
"BARX1","BARX1","MA0875.1","-0.11316",0.545049,0.874813,0.879305,0.0343293,3,"False",0.983171018276762,NA,NA,NA,NA,NA,NA,NA
"ZNF341","ZNF341","MA1655.1","-0.12122",0.548243,0.818546,0.822091,0.0359409,3,"False",0.983171018276762,NA,NA,NA,NA,NA,NA,NA
"CEBPB","CEBPB","MA0466.2","-0.129335",0.551455,0.807824,0.811598,0.0203273,3,"False",0.983171018276762,0.000101389283413274,0.0257373409407653,0.933761647829446,0.935376156654191,-0.082106890596694,0.992107814030425,0.987983127794195
"HES6","HES6","MA1493.1","-0.129386",0.551475,0.797867,0.801229,0.0295649,3,"False",0.983171018276762,NA,NA,NA,NA,NA,NA,NA
"RARA","RARA::RXRA","MA0159.1","-0.132232",0.552601,0.794931,0.797519,0.0246632,3,"False",0.983171018276762,NA,NA,NA,NA,NA,NA,NA
"RXRA","RARA::RXRA","MA0159.1","-0.132232",0.552601,0.794931,0.797519,0.0246632,3,"False",0.983171018276762,0.139761153277898,0.721367296732927,NA,NA,NA,0.749963235226969,0.907141144164529
"Six3","Six3","MA0631.1","-0.137524",0.554693,0.726205,0.729997,0.0238507,3,"False",0.983171018276762,NA,NA,NA,NA,NA,NA,NA
"FLI1","FLI1","MA0475.2","-0.14213",0.556515,0.824881,0.82927,0.0745089,3,"False",0.983171018276762,2.15907233419438e-06,0.0558040264345864,0.723486859623949,0.736410234493513,-0.489196874998293,0.848368937208531,1
"ZBTB26","ZBTB26","MA1579.1","-0.145917",0.558008,0.821991,0.826646,0.0216556,3,"False",0.983171018276762,NA,NA,NA,NA,NA,NA,NA
"RBPJ","RBPJ","MA1116.1","-0.149434",0.559397,0.882811,0.888201,0.0642452,3,"False",0.983171018276762,5.80296086090077e-06,0.00138943367519454,0.984929066677863,0.983926712472533,0.00861448683610333,0.828529547737809,0.892157939767348
"TCF12","TCF12","MA1648.1","-0.149576",0.559451,0.866774,0.871576,0.00715175,3,"False",0.983171018276762,0.0992729047489016,0.321105686767412,NA,NA,NA,0.982388018596308,1
"Hoxa11","Hoxa11","MA0911.1","-0.154683",0.561465,0.79243,0.797164,0.0157046,3,"False",0.983171018276762,NA,NA,NA,NA,NA,NA,NA
"STAT1","STAT1","MA0137.3","-0.171899",0.568246,0.820249,0.82571,0.0759557,3,"False",0.983171018276762,0.619095866789856,0.100824886494154,NA,NA,NA,0.785274266865591,0.750048865982797
"MAX","MAX","MA0058.3","-0.184796",0.573308,0.817069,0.823549,0.0494822,3,"False",0.983171018276762,0.590334675858599,0.0139642677688068,0.4156040906622,0.413288937212128,1.44484397191498,0.998674089525648,1
"ELK4","ELK4","MA0076.2","-0.18585",0.57372,0.846997,0.852902,0.0279209,3,"False",0.983171018276762,0.0180179403871596,0.365325373394781,NA,NA,NA,0.979638759644307,1
"EMX2","EMX2","MA0886.1","-0.191283",0.57585,0.81628,0.82385,0.0457517,3,"False",0.983171018276762,NA,NA,NA,NA,NA,NA,NA
"MSGN1","MSGN1","MA1524.1","-0.192356",0.576271,0.835432,0.840896,0.0477577,3,"False",0.983171018276762,NA,NA,NA,NA,NA,NA,NA
"NFIC","NFIC::TLX1","MA0119.1","-0.192663",0.576391,0.733207,0.738771,0.0347983,3,"False",0.983171018276762,0.0674447520536455,0.151080142285841,NA,NA,NA,0.169569332604161,0.382057472634142
"TLX1","NFIC::TLX1","MA0119.1","-0.192663",0.576391,0.733207,0.738771,0.0347983,3,"False",0.983171018276762,NA,NA,NA,NA,NA,NA,NA
"BHLHE22","BHLHE22","MA0818.1","-0.193591",0.576758,0.787369,0.793098,0.0794952,3,"False",0.983171018276762,NA,NA,NA,NA,NA,NA,NA
"GATA1","GATA1","MA0035.4","-0.194701",0.57719,0.800838,0.807908,0.067321,3,"False",0.983171018276762,NA,NA,NA,NA,NA,NA,NA
"OLIG3","OLIG3","MA0827.1","-0.197142",0.578144,0.813733,0.819075,0.0286359,3,"False",0.983171018276762,NA,NA,NA,NA,NA,NA,NA
"Alx1","Alx1","MA0854.1","-0.198089",0.578514,0.735981,0.743078,0.0254143,3,"False",0.983171018276762,NA,NA,NA,NA,NA,NA,NA
"FOXF2","FOXF2","MA0030.1","-0.20221",0.580126,0.768837,0.775928,0.0472747,3,"False",0.983171018276762,NA,NA,NA,NA,NA,NA,NA
"GSC2","GSC2","MA0891.1","-0.203089",0.580474,0.844058,0.85018,0.0851094,3,"False",0.983171018276762,NA,NA,NA,NA,NA,NA,NA
"VAX1","VAX1","MA0722.1","-0.206683",0.581873,0.849529,0.857371,0.0288318,3,"False",0.983171018276762,NA,NA,NA,NA,NA,NA,NA
"ZNF143","ZNF143","MA0088.2","-0.208296",0.582503,0.741348,0.746474,0.0293467,3,"False",0.983171018276762,0.598307444484912,0.490516580392155,NA,NA,NA,0.728102922658957,0.935962304619959
"KLF16","KLF16","MA0741.1","-0.210271",0.583275,0.862643,0.870747,0.0595417,3,"False",0.983171018276762,NA,NA,NA,NA,NA,NA,NA
"SNAI1","SNAI1","MA1558.1","-0.223741",0.588526,0.868552,0.875314,0.0734872,3,"False",0.983171018276762,NA,NA,NA,NA,NA,NA,NA
"HES7","HES7","MA0822.1","-0.224002",0.588629,0.723303,0.730391,0.0877571,3,"False",0.983171018276762,NA,NA,NA,NA,NA,NA,NA
"ELK3","ELK3","MA0759.1","-0.226615",0.589642,0.820306,0.827514,0.0485715,3,"False",0.983171018276762,0.05268283287503,0.0543740573207601,0.838684928213607,0.846127841581837,0.460241212242317,0.831346061001201,1
"PPARG","PPARG","MA0066.1","-0.229694",0.590837,0.736461,0.740964,0.0103236,3,"False",0.983171018276762,0.385032283371562,0.824902043000426,NA,NA,NA,0.49299440509704,0.767795818956056
"HES5","HES5","MA0821.1","-0.233241",0.592218,0.741136,0.748255,0.066478,3,"False",0.983171018276762,NA,NA,NA,NA,NA,NA,NA
"SIX1","SIX1","MA1118.1","-0.2336",0.592354,0.781491,0.788541,0.0211784,3,"False",0.983171018276762,NA,NA,NA,NA,NA,NA,NA
"STAT3","STAT3","MA0144.2","-0.237722",0.593956,0.850847,0.857659,0.0529775,3,"False",0.983171018276762,1.25751558748003e-05,0.00164987817696805,0.901885121540135,0.907136432403251,0.21052860862789,0.984215435344917,1
"SCRT2","SCRT2","MA0744.2","-0.241399",0.595387,0.756223,0.762723,0.0852041,3,"False",0.983171018276762,NA,NA,NA,NA,NA,NA,NA
"NR1H4","NR1H4","MA1110.1","-0.242382",0.595759,0.788223,0.795691,0.0126185,3,"False",0.983171018276762,NA,NA,NA,NA,NA,NA,NA
"Stat5a","Stat5a","MA1624.1","-0.244015",0.596392,0.795925,0.804115,0.0166224,3,"False",0.983171018276762,0.247925835921688,0.161802754295959,NA,0.892319432004325,NA,0.105132337484809,0.279167401965045
"MXI1","MXI1","MA1108.2","-0.244207",0.596474,0.855125,0.863902,0.111815,3,"False",0.983171018276762,0.737526620023853,0.731260021103531,NA,NA,NA,0.679221295104278,0.737360922562402
"FEV","FEV","MA0156.2","-0.244638",0.596637,0.833287,0.840666,0.065528,3,"False",0.983171018276762,NA,NA,NA,NA,NA,NA,NA
"ISL2","ISL2","MA0914.1","-0.246975",0.597541,0.858211,0.865869,0.0600035,3,"False",0.983171018276762,NA,NA,NA,NA,NA,NA,NA
"DMRT3","DMRT3","MA0610.1","-0.247976",0.597929,0.777967,0.786884,0.0766918,3,"False",0.983171018276762,NA,NA,NA,NA,NA,NA,NA
"CUX1","CUX1","MA0754.1","-0.249654",0.598574,0.764458,0.774403,0.0155626,3,"False",0.983171018276762,0.165179335233887,0.0906107300385063,NA,NA,NA,0.720648556896141,0.854377467423868
"CUX2","CUX2","MA0755.1","-0.252978",0.599859,0.749524,0.75931,0.0241369,3,"False",0.983171018276762,NA,NA,NA,NA,NA,NA,NA
"SPDEF","SPDEF","MA0686.1","-0.257753",0.601706,0.794662,0.801715,0.0493947,3,"False",0.983171018276762,NA,NA,NA,NA,NA,NA,NA
"ERG","ERG","MA0474.2","-0.259698",0.602459,0.84098,0.84857,0.0739671,3,"False",0.983171018276762,NA,NA,NA,NA,NA,NA,NA
"Dlx1","Dlx1","MA0879.1","-0.264324",0.60424,0.845752,0.856185,0.0859134,3,"False",0.983171018276762,NA,NA,NA,NA,NA,NA,NA
"ONECUT3","ONECUT3","MA0757.1","-0.266333",0.605011,0.711838,0.723323,0.0451142,3,"False",0.983171018276762,NA,NA,NA,NA,NA,NA,NA
"SNAI2","SNAI2","MA0745.2","-0.267924",0.605631,0.806458,0.814747,0.0942572,3,"False",0.983171018276762,NA,NA,NA,NA,NA,NA,NA
"MYC","MYC","MA0147.3","-0.273339",0.607709,0.79817,0.807524,0.0713289,3,"False",0.983171018276762,NA,NA,NA,NA,NA,NA,NA
"Arid3b","Arid3b","MA0601.1","-0.276331",0.608855,0.778799,0.79376,0.0288423,3,"False",0.983171018276762,0.0727365505103542,0.826943648208591,0.863019468222488,NA,-0.880652815667391,0.812492769710658,0.985501378612174
"Sox17","Sox17","MA0078.1","-0.280816",0.610582,0.865866,0.875054,0.0818837,3,"False",0.983171018276762,NA,NA,NA,NA,NA,NA,NA
"ELK1","ELK1","MA0028.2","-0.283046",0.611431,0.795553,0.805366,0.026123,3,"False",0.983171018276762,NA,NA,NA,NA,NA,NA,NA
"POU5F1","POU5F1","MA1115.1","-0.283048",0.611434,0.796553,0.808771,0.0675454,3,"False",0.983171018276762,NA,NA,NA,NA,NA,NA,NA
"FOSL2","FOSL2::JUND","MA1144.1","-0.28754",0.613154,0.791219,0.801056,0.051603,3,"False",0.983171018276762,NA,NA,NA,NA,NA,NA,NA
"JUND","FOSL2::JUND","MA1144.1","-0.28754",0.613154,0.791219,0.801056,0.051603,3,"False",0.983171018276762,0.00213584737172787,0.00037436692329244,0.969244389363596,0.968365459009298,0.119665381563243,0.462694681526478,0.900583976414876
"FOSL1","FOSL1::JUND","MA1142.1","-0.288274",0.613435,0.823934,0.832877,0.0381425,3,"False",0.983171018276762,NA,NA,NA,NA,NA,NA,NA
"JUND","FOSL1::JUND","MA1142.1","-0.288274",0.613435,0.823934,0.832877,0.0381425,3,"False",0.983171018276762,0.00213584737172787,0.00037436692329244,0.969244389363596,0.968365459009298,0.119665381563243,0.462694681526478,0.900583976414876
"SPI1","SPI1","MA0080.5","-0.292701",0.615128,0.743144,0.751331,0.0413362,3,"False",0.983171018276762,0.113612884367349,0.569181732892748,NA,NA,NA,0.984215435344917,1
"PRDM1","PRDM1","MA0508.3","-0.293574",0.615463,0.83809,0.848109,0.0615095,3,"False",0.983171018276762,0.510995706602378,0.370839924688628,NA,NA,NA,0.873066300526672,0.995397726935177
"POU4F1","POU4F1","MA0790.1","-0.295568",0.616223,0.715459,0.728739,0.0480012,3,"False",0.983171018276762,NA,NA,NA,NA,NA,NA,NA
"BHLHE23","BHLHE23","MA0817.1","-0.296373",0.616533,0.75112,0.760671,0.0649852,3,"False",0.983171018276762,NA,NA,NA,NA,NA,NA,NA
"MEOX2","MEOX2","MA0706.1","-0.307139",0.620633,0.830382,0.841309,0.00317532,3,"False",0.983171018276762,NA,NA,NA,NA,NA,NA,NA
"NKX2-2","NKX2-2","MA1645.1","-0.307601",0.620811,0.804518,0.813013,0.0399938,3,"False",0.983171018276762,NA,NA,NA,NA,NA,NA,NA
"POU3F1","POU3F1","MA0786.1","-0.308578",0.621181,0.763488,0.776844,0.013075,3,"False",0.983171018276762,NA,NA,NA,NA,NA,NA,NA
"MEIS2","MEIS2","MA1640.1","-0.310823",0.622035,0.741528,0.753406,0.0295235,3,"False",0.983171018276762,NA,NA,NA,NA,NA,NA,NA
"HOXA9","HOXA9","MA0594.2","-0.311219",0.622185,0.850844,0.859193,0.0147116,3,"False",0.983171018276762,NA,NA,NA,NA,NA,NA,NA
"DMRTC2","DMRTC2","MA1479.1","-0.313996",0.623241,0.764712,0.774699,0.0322307,3,"False",0.983171018276762,NA,NA,NA,NA,NA,NA,NA
"mix-a","mix-a","MA0621.1","-0.315945",0.623981,0.744906,0.762142,0.0666942,3,"False",0.983171018276762,NA,NA,NA,NA,NA,NA,NA
"FOXC1","FOXC1","MA0032.2","-0.317873",0.624713,0.812552,0.825264,0.047948,3,"False",0.983171018276762,NA,NA,NA,NA,NA,NA,NA
"JDP2","JDP2","MA0655.1","-0.319195",0.625213,0.758219,0.769973,0.0292133,3,"False",0.983171018276762,0.00856062213318433,0.800874349895784,0.603768441314799,0.609982259976034,-1.11527250478786,0.679343942147235,0.930362316256601
"CEBPE","CEBPE","MA0837.1","-0.31989",0.625476,0.81048,0.819648,0.0137621,3,"False",0.983171018276762,NA,NA,NA,NA,NA,NA,NA
"NEUROD2","NEUROD2","MA0668.1","-0.325454",0.627585,0.842766,0.849938,0.0328715,3,"False",0.983171018276762,NA,NA,NA,NA,NA,NA,NA
"NEUROG2","NEUROG2","MA0669.1","-0.328041",0.628563,0.783263,0.792675,0.0387786,3,"False",0.983171018276762,NA,NA,NA,NA,NA,NA,NA
"POU6F2","POU6F2","MA0793.1","-0.330726",0.629577,0.786798,0.799538,0.0432037,3,"False",0.983171018276762,NA,NA,NA,NA,NA,NA,NA
"OLIG2","OLIG2","MA0678.1","-0.334212",0.630894,0.783182,0.793193,0.0365038,3,"False",0.983171018276762,NA,NA,NA,NA,NA,NA,NA
"ZBTB7A","ZBTB7A","MA0750.2","-0.334447",0.630981,0.81872,0.829929,0.0088954,3,"False",0.983171018276762,0.000186674779545553,0.129715591367388,0.833385288013133,0.841453210022725,-0.368486136769713,0.903170878061804,0.995397726935177
"PKNOX1","PKNOX1","MA0782.2","-0.335332",0.631315,0.75993,0.770201,0.0191969,3,"False",0.983171018276762,0.0517679877673783,0.0582384594596105,0.710681531893511,0.721562829986888,0.323236202567133,0.918058534786635,1
"VAX2","VAX2","MA0723.1","-0.33909",0.632731,0.843855,0.856277,0.0158729,3,"False",0.983171018276762,NA,NA,NA,NA,NA,NA,NA
"ZNF449","ZNF449","MA1656.1","-0.339663",0.632948,0.791236,0.800995,0.0298137,3,"False",0.983171018276762,NA,NA,NA,NA,NA,NA,NA
"FOS","FOS","MA0476.1","-0.342443",0.633994,0.807412,0.81946,0.0330677,3,"False",0.983171018276762,0.697580503134212,0.886515930835537,NA,NA,NA,0.879292082746186,1
"Dmrt1","Dmrt1","MA1603.1","-0.352469",0.637759,0.744776,0.756716,0.0223232,3,"False",0.983171018276762,NA,NA,NA,NA,NA,NA,NA
"ATF6","ATF6","MA1466.1","-0.352834",0.637896,0.726531,0.735722,0.0183187,3,"False",0.983171018276762,1.1896519587004e-05,0.0104107472625963,0.845761476584943,0.851176769948197,0.038311371650398,0.922170982833724,1
"HOXD12","HOXD12","MA0873.1","-0.359153",0.640261,0.772352,0.783365,0.0045423,3,"False",0.983171018276762,NA,NA,NA,NA,NA,NA,NA
"HOXB4","HOXB4","MA1499.1","-0.360682",0.640833,0.839801,0.85515,0.00277583,3,"False",0.983171018276762,NA,NA,NA,NA,NA,NA,NA
"HOXB3","HOXB3","MA0903.1","-0.362408",0.641481,0.856954,0.870484,0.0576747,3,"False",0.983171018276762,NA,NA,NA,NA,NA,NA,NA
"FOSB","FOSB::JUNB","MA1135.1","-0.364195",0.642148,0.792261,0.80477,0.0513542,3,"False",0.983171018276762,NA,NA,NA,NA,NA,NA,NA
"JUNB","FOSB::JUNB","MA1135.1","-0.364195",0.642148,0.792261,0.80477,0.0513542,3,"False",0.983171018276762,0.329201788665352,0.634586227783019,NA,NA,NA,0.67285833371456,0.770013143376798
"NHLH1","NHLH1","MA0048.2","-0.366442",0.642988,0.817088,0.828809,0.0552436,3,"False",0.983171018276762,NA,NA,NA,NA,NA,NA,NA
"ZFP42","ZFP42","MA1651.1","-0.366919",0.643171,0.721932,0.732999,0.0796821,3,"False",0.983171018276762,NA,NA,NA,NA,NA,NA,NA
"OTX1","OTX1","MA0711.1","-0.368909",0.643916,0.845882,0.858537,0.10839,3,"False",0.983171018276762,NA,NA,NA,NA,NA,NA,NA
"ZNF528","ZNF528","MA1597.1","-0.372518",0.645253,0.69744,0.70641,0.0490164,3,"False",0.983171018276762,NA,NA,NA,NA,NA,NA,NA
"ETV3","ETV3","MA0763.1","-0.376363",0.646681,0.82539,0.835857,0.0388946,3,"False",0.983171018276762,NA,NA,NA,NA,NA,NA,NA
"Stat5a","Stat5a::Stat5b","MA0519.1","-0.383481",0.649322,0.835765,0.847036,0.0321754,3,"False",0.983171018276762,0.247925835921688,0.161802754295959,NA,0.892319432004325,NA,0.105132337484809,0.279167401965045
"Stat5b","Stat5a::Stat5b","MA0519.1","-0.383481",0.649322,0.835765,0.847036,0.0321754,3,"False",0.983171018276762,0.00932168928192519,0.0018857161028781,0.665227301400385,0.676210121770699,0.50547876843514,0.922030771616177,1
"MZF1","MZF1","MA0056.2","-0.387123",0.650678,0.808372,0.819369,0.0753267,3,"False",0.983171018276762,0.750159140268479,0.276362816348984,NA,NA,NA,0.558183122734439,0.708364837967364
"Pou5f1","Pou5f1::Sox2","MA0142.1","-0.387698",0.650882,0.736325,0.749041,0.00900841,3,"False",0.983171018276762,NA,NA,NA,NA,NA,NA,NA
"Sox2","Pou5f1::Sox2","MA0142.1","-0.387698",0.650882,0.736325,0.749041,0.00900841,3,"False",0.983171018276762,NA,NA,NA,NA,NA,NA,NA
"DMRTA2","DMRTA2","MA1478.1","-0.388308",0.651109,0.793185,0.804898,0.0300135,3,"False",0.983171018276762,NA,NA,NA,NA,NA,NA,NA
"Ebf2","Ebf2","MA1604.1","-0.394694",0.653471,0.7869,0.799487,0.0469935,3,"False",0.983171018276762,NA,NA,NA,NA,NA,NA,NA
"EGR2","EGR2","MA0472.2","-0.39544",0.653748,0.795583,0.808129,0.0606197,3,"False",0.983171018276762,NA,NA,NA,NA,NA,NA,NA
"MNX1","MNX1","MA0707.1","-0.396154",0.654006,0.842874,0.857582,0.00570147,3,"False",0.983171018276762,NA,NA,NA,NA,NA,NA,NA
"HOXA10","HOXA10","MA0899.1","-0.396272",0.654051,0.807491,0.823298,0.0411091,3,"False",0.983171018276762,NA,NA,NA,NA,NA,NA,NA
"POU2F1","POU2F1","MA0785.1","-0.399971",0.655413,0.764237,0.780451,0.0110294,3,"False",0.983171018276762,0.0315749564204884,0.77982801279294,NA,NA,NA,0.979638759644307,1
"HOXD3","HOXD3","MA0912.2","-0.403115",0.656571,0.802798,0.818275,0.0311522,3,"False",0.983171018276762,NA,NA,NA,NA,NA,NA,NA
"IRF9","IRF9","MA0653.1","-0.405758",0.657558,0.677761,0.68948,0.100776,3,"False",0.983171018276762,0.0746065168677588,0.715856214802148,0.776897286219986,NA,-0.92997161409605,0.785274266865591,1
"FOS","FOS::JUN","MA0099.3","-0.411229",0.659552,0.797368,0.810925,0.0460051,3,"False",0.983171018276762,0.697580503134212,0.886515930835537,NA,NA,NA,0.879292082746186,1
"JUN","FOS::JUN","MA0099.3","-0.411229",0.659552,0.797368,0.810925,0.0460051,3,"False",0.983171018276762,0.550621086863162,0.379405074105125,NA,NA,NA,0.97267103599385,0.985501378612174
"ZKSCAN1","ZKSCAN1","MA1585.1","-0.418519",0.662219,0.778507,0.790744,0.0239758,3,"False",0.983171018276762,0.0279763903626373,0.469962674830535,NA,NA,NA,0.532054249744256,0.927839921404394
"IRF3","IRF3","MA1418.1","-0.421188",0.663195,0.693691,0.705022,0.0293555,3,"False",0.983171018276762,0.1004275858216,0.00882575814628525,0.151244799919924,0.15385413512621,0.45338794662342,0.525232663031386,0.630584043075751
"NFAT5","NFAT5","MA0606.1","-0.422102",0.663527,0.858413,0.871135,0.013313,3,"False",0.983171018276762,0.00176836211688746,0.0129965885101855,NA,NA,NA,0.540683980456244,0.725768345822857
"POU2F3","POU2F3","MA0627.2","-0.427713",0.665574,0.750423,0.768735,0.0552169,3,"False",0.983171018276762,NA,NA,NA,NA,NA,NA,NA
"Npas2","Npas2","MA0626.1","-0.429269",0.66614,0.82647,0.840522,0.0391648,3,"False",0.983171018276762,0.380219911171799,0.265091323701101,NA,NA,NA,0.881593292780242,NA
"HOXA1","HOXA1","MA1495.1","-0.430285",0.66651,0.853935,0.869061,0.0429234,3,"False",0.983171018276762,NA,NA,NA,NA,NA,NA,NA
"EBF3","EBF3","MA1637.1","-0.431421",0.666923,0.785424,0.799623,0.044045,3,"False",0.983171018276762,NA,NA,NA,NA,NA,NA,NA
"PAX3","PAX3","MA0780.1","-0.433707",0.667752,0.709523,0.72919,0.0278452,3,"False",0.983171018276762,NA,NA,NA,NA,NA,NA,NA
"RREB1","RREB1","MA0073.1","-0.433896",0.66782,0.783601,0.795519,0.00329419,3,"False",0.983171018276762,0.000120858789224282,0.00761803629944429,NA,NA,NA,0.980279593521384,1
"ZNF317","ZNF317","MA1593.1","-0.435296",0.66833,0.783165,0.796164,0.0266156,3,"False",0.983171018276762,NA,NA,NA,NA,NA,NA,NA
"POU4F2","POU4F2","MA0683.1","-0.442616",0.670981,0.668192,0.685626,0.015693,3,"False",0.983171018276762,NA,NA,NA,NA,NA,NA,NA
"Foxq1","Foxq1","MA0040.1","-0.445816",0.672142,0.788055,0.805412,0.0754546,3,"False",0.983171018276762,NA,NA,NA,NA,NA,NA,NA
"KLF11","KLF11","MA1512.1","-0.447111",0.672605,0.849077,0.865068,0.0215517,3,"False",0.983171018276762,NA,NA,NA,NA,NA,NA,NA
"Arnt","Arnt","MA0004.1","-0.448279",0.673026,0.84366,0.86117,0.0103725,3,"False",0.983171018276762,0.000130176704496163,0.78008277582098,0.297794078068962,0.288731814191624,-1.91874258674473,0.97267103599385,1
"NR1I2","NR1I2","MA1533.1","-0.450919",0.673979,0.776581,0.785427,0.0170394,3,"False",0.983171018276762,NA,NA,NA,NA,NA,NA,NA
"PBX2","PBX2","MA1113.2","-0.451283",0.67411,0.745972,0.764427,0.0297919,3,"False",0.983171018276762,NA,NA,NA,NA,NA,NA,NA
"PHOX2B","PHOX2B","MA0681.2","-0.451664",0.674247,0.679616,0.70334,0.0309524,3,"False",0.983171018276762,NA,NA,NA,NA,NA,NA,NA
"TCF4","TCF4","MA0830.2","-0.454455",0.675255,0.824625,0.838917,0.0475247,3,"False",0.983171018276762,0.00998432142565046,0.00189879328673996,0.796163615183,0.806833419059225,0.418712990472786,0.992905719670679,1
"ELF5","ELF5","MA0136.2","-0.462318",0.678087,0.85239,0.864397,0.0709817,3,"False",0.983171018276762,NA,NA,NA,NA,NA,NA,NA
"HES1","HES1","MA1099.2","-0.46428",0.678781,0.834756,0.85239,0.0518388,3,"False",0.983171018276762,NA,NA,NA,NA,NA,NA,NA
"RORA","RORA","MA0072.1","-0.464818",0.678976,0.750495,0.76483,0.0548059,3,"False",0.983171018276762,0.00026187565143236,0.0305690143925184,0.7660431599895,0.77673464209602,-0.205763872122669,0.948695976015574,1
"NFIC","NFIC","MA0161.2","-0.464905",0.679006,0.818135,0.833577,0.0505471,3,"False",0.983171018276762,0.0674447520536455,0.151080142285841,NA,NA,NA,0.169569332604161,0.382057472634142
"ASCL1","ASCL1","MA1100.2","-0.467655",0.679991,0.861315,0.874797,0.0492124,3,"False",0.983171018276762,NA,NA,NA,NA,NA,NA,NA
"ONECUT2","ONECUT2","MA0756.1","-0.471508",0.681365,0.709009,0.72799,0.0449613,3,"False",0.983171018276762,NA,NA,NA,NA,NA,NA,NA
"POU3F3","POU3F3","MA0788.1","-0.472848",0.681843,0.741638,0.761638,0.0417341,3,"False",0.983171018276762,NA,NA,NA,NA,NA,NA,NA
"MYCN","MYCN","MA0104.4","-0.473935",0.682232,0.772347,0.788166,0.0476012,3,"False",0.983171018276762,NA,NA,NA,NA,NA,NA,NA
"HIC2","HIC2","MA0738.1","-0.479138",0.684094,0.893343,0.90489,0.0675503,3,"False",0.983171018276762,NA,NA,NA,NA,NA,NA,NA
"ZNF75D","ZNF75D","MA1601.1","-0.489733",0.687845,0.822054,0.837522,0.0515641,3,"False",0.983171018276762,0.013478412218613,0.0389180513439035,0.97735437071095,0.976352016654861,0.162285400446162,0.891667321571463,1
"ETS2","ETS2","MA1484.1","-0.493216",0.689079,0.833625,0.848397,0.0615713,3,"False",0.983171018276762,0.0850434529816162,0.178498560423973,0.783060670835138,0.794110527969494,0.376129085359705,0.683920525390624,0.64381147880767
"LHX6","LHX6","MA0658.1","-0.497137",0.690457,0.78933,0.80722,0.0268565,3,"False",0.983171018276762,NA,NA,NA,NA,NA,NA,NA
"NFIL3","NFIL3","MA0025.2","-0.497234",0.690491,0.750553,0.770336,0.0328581,3,"False",0.983171018276762,NA,NA,NA,NA,NA,NA,NA
"FOSL2","FOSL2::JUNB","MA1138.1","-0.498834",0.691057,0.78195,0.799716,0.0515372,3,"False",0.983171018276762,NA,NA,NA,NA,NA,NA,NA
"JUNB","FOSL2::JUNB","MA1138.1","-0.498834",0.691057,0.78195,0.799716,0.0515372,3,"False",0.983171018276762,0.329201788665352,0.634586227783019,NA,NA,NA,0.67285833371456,0.770013143376798
"Bhlha15","Bhlha15","MA0607.1","-0.4991",0.691148,0.842128,0.857561,0.00980434,3,"False",0.983171018276762,NA,NA,NA,NA,NA,NA,NA
"MYOG","MYOG","MA0500.2","-0.50021",0.69154,0.809459,0.827764,0.0306612,3,"False",0.983171018276762,NA,NA,NA,NA,NA,NA,NA
"BARX2","BARX2","MA1471.1","-0.502684",0.69241,0.792856,0.814035,0.032123,3,"False",0.983171018276762,NA,NA,NA,NA,NA,NA,NA
"NFIB","NFIB","MA1643.1","-0.503821",0.692809,0.698285,0.711735,0.00451065,3,"False",0.983171018276762,0.808193715473083,2.07582449117581e-05,0.229686516960842,0.224662653601413,1.99090663944404,0.909789492517843,1
"BARHL1","BARHL1","MA0877.2","-0.503833",0.692818,0.869354,0.884044,0.0518241,3,"False",0.983171018276762,NA,NA,NA,NA,NA,NA,NA
"TEAD2","TEAD2","MA1121.1","-0.511798",0.695606,0.786534,0.802032,0.00730733,3,"False",0.983171018276762,NA,NA,NA,NA,NA,NA,NA
"FOSL1","FOSL1","MA0477.2","-0.512968",0.696017,0.76301,0.78171,0.0344296,3,"False",0.983171018276762,NA,NA,NA,NA,NA,NA,NA
"ETV6","ETV6","MA0645.1","-0.5152",0.696798,0.835434,0.851358,0.0318055,3,"False",0.983171018276762,0.00147000234799666,0.0116377514333398,0.855783435227596,0.861569328569659,0.309481241470309,0.942754260117685,0.985501378612174
"RARA","RARA","MA0730.1","-0.516645",0.697302,0.698584,0.710809,0.0186909,3,"False",0.983171018276762,NA,NA,NA,NA,NA,NA,NA
"NFIX","NFIX","MA1528.1","-0.517963",0.697762,0.741922,0.756761,0.0328806,3,"False",0.983171018276762,0.0183824844965965,0.141238732354644,NA,NA,NA,0.916598761890717,0.987839404598904
"E2F1","E2F1","MA0024.3","-0.522472",0.699333,0.755758,0.7698,0.023727,3,"False",0.983171018276762,NA,NA,NA,NA,NA,NA,NA
"CTCFL","CTCFL","MA1102.2","-0.523476",0.699682,0.819191,0.839568,0.0300681,3,"False",0.983171018276762,NA,NA,NA,NA,NA,NA,NA
"PITX1","PITX1","MA0682.2","-0.524782",0.700159,0.82806,0.848458,0.149079,3,"False",0.983171018276762,NA,NA,NA,NA,NA,NA,NA
"POU3F2","POU3F2","MA0787.1","-0.542731",0.706345,0.744357,0.767246,0.0115541,3,"False",0.983171018276762,NA,NA,NA,NA,NA,NA,NA
"TEAD4","TEAD4","MA0809.2","-0.54688",0.707772,0.794247,0.811377,0.0134758,3,"False",0.983171018276762,NA,NA,NA,NA,NA,NA,NA
"GATA3","GATA3","MA0037.3","-0.547813",0.708095,0.84279,0.862595,0.0413796,3,"False",0.983171018276762,NA,NA,NA,NA,NA,NA,NA
"RORB","RORB","MA1150.1","-0.566738",0.714565,0.81074,0.826326,0.0617482,3,"False",0.983171018276762,0.0775030325395906,0.00690795712614111,0.62948830511187,0.638215769042572,0.538173346861508,0.959799575518654,1
"Arx","Arx","MA0874.1","-0.57113",0.716048,0.713798,0.733105,0.0340989,3,"False",0.983171018276762,NA,NA,NA,NA,NA,NA,NA
"FOSL1","FOSL1::JUNB","MA1137.1","-0.574726",0.717266,0.77871,0.796883,0.0333744,3,"False",0.983171018276762,NA,NA,NA,NA,NA,NA,NA
"JUNB","FOSL1::JUNB","MA1137.1","-0.574726",0.717266,0.77871,0.796883,0.0333744,3,"False",0.983171018276762,0.329201788665352,0.634586227783019,NA,NA,NA,0.67285833371456,0.770013143376798
"POU5F1B","POU5F1B","MA0792.1","-0.575004",0.717358,0.789111,0.812863,0.00947665,3,"False",0.983171018276762,NA,NA,NA,NA,NA,NA,NA
"NR6A1","NR6A1","MA1541.1","-0.584082",0.720423,0.734007,0.748165,0.0302154,3,"False",0.983171018276762,0.0114880364009795,0.129044207273739,0.691947332617825,0.702922833210149,0.119993078358821,0.732807301529194,0.900583976414876
"LMX1B","LMX1B","MA0703.2","-0.588395",0.721869,0.714665,0.746153,0.0147772,3,"False",0.983171018276762,NA,NA,NA,NA,NA,NA,NA
"POU4F3","POU4F3","MA0791.1","-0.588421",0.721878,0.683144,0.708699,0.0277366,3,"False",0.983171018276762,NA,NA,NA,NA,NA,NA,NA
"OTX2","OTX2","MA0712.2","-0.589098",0.722127,0.801821,0.823168,0.129964,3,"False",0.983171018276762,NA,NA,NA,NA,NA,NA,NA
"BARHL2","BARHL2","MA0635.1","-0.591636",0.722957,0.844621,0.863159,0.0274555,3,"False",0.983171018276762,NA,NA,NA,NA,NA,NA,NA
"HLF","HLF","MA0043.3","-0.592559",0.723269,0.749609,0.771213,0.0567019,3,"False",0.983171018276762,0.0164766221978168,1.58268973033869e-05,0.297794078068962,0.288731814191624,0.758327916058603,0.967369209205316,0.952346050169386
"FOS","FOS::JUNB","MA1134.1","-0.596438",0.724565,0.76991,0.789905,0.0477576,3,"False",0.983171018276762,0.697580503134212,0.886515930835537,NA,NA,NA,0.879292082746186,1
"JUNB","FOS::JUNB","MA1134.1","-0.596438",0.724565,0.76991,0.789905,0.0477576,3,"False",0.983171018276762,0.329201788665352,0.634586227783019,NA,NA,NA,0.67285833371456,0.770013143376798
"FOS","FOS::JUND","MA1141.1","-0.600013",0.725758,0.771542,0.791116,0.0481706,3,"False",0.983171018276762,0.697580503134212,0.886515930835537,NA,NA,NA,0.879292082746186,1
"JUND","FOS::JUND","MA1141.1","-0.600013",0.725758,0.771542,0.791116,0.0481706,3,"False",0.983171018276762,0.00213584737172787,0.00037436692329244,0.969244389363596,0.968365459009298,0.119665381563243,0.462694681526478,0.900583976414876
"PROP1","PROP1","MA0715.1","-0.604549",0.72727,0.712168,0.741717,0.0965021,3,"False",0.983171018276762,NA,NA,NA,NA,NA,NA,NA
"GRHL2","GRHL2","MA1105.2","-0.60522",0.727494,0.763346,0.782541,0.0657601,3,"False",0.983171018276762,NA,NA,NA,NA,NA,NA,NA
"HES2","HES2","MA0616.2","-0.609635",0.728954,0.784481,0.807232,0.0517072,3,"False",0.983171018276762,NA,NA,NA,NA,NA,NA,NA
"BCL6","BCL6","MA0463.2","-0.614772",0.730651,0.723472,0.738985,0.0205181,3,"False",0.983171018276762,3.68677161169342e-06,0.00349031649115,0.952975179850448,0.952776802093433,0.11846914771692,0.979638759644307,1
"NEUROG1","NEUROG1","MA0623.2","-0.622255",0.733122,0.773536,0.792074,0.054875,3,"False",0.983171018276762,NA,NA,NA,NA,NA,NA,NA
"HNF1A","HNF1A","MA0046.2","-0.629671",0.735549,0.705969,0.731904,0.0271124,3,"False",0.983171018276762,NA,NA,NA,NA,NA,NA,NA
"Ascl2","Ascl2","MA0816.1","-0.630067",0.735682,0.818281,0.83739,0.0500138,3,"False",0.983171018276762,NA,NA,NA,NA,NA,NA,NA
"Rbpjl","Rbpjl","MA1621.1","-0.637531",0.738126,0.81196,0.831368,0.0813521,3,"False",0.983171018276762,NA,NA,NA,NA,NA,NA,NA
"BHLHE22","BHLHE22","MA1635.1","-0.638933",0.73857,0.833241,0.85853,0.0224883,3,"False",0.983171018276762,NA,NA,NA,NA,NA,NA,NA
"IRF5","IRF5","MA1420.1","-0.642151",0.739616,0.731105,0.74655,0.0132564,3,"False",0.983171018276762,0.0010257660174045,0.11904271289666,0.728931005917902,0.742826219549296,-0.326167013956959,0.983744787855001,1
"Foxj2","Foxj2","MA0614.1","-0.645375",0.74067,0.826591,0.852875,0.0881801,3,"False",0.983171018276762,NA,NA,NA,NA,NA,NA,NA
"NOTO","NOTO","MA0710.1","-0.645408",0.740675,0.825433,0.8494,0.0493039,3,"False",0.983171018276762,NA,NA,NA,NA,NA,NA,NA
"TEAD1","TEAD1","MA0090.3","-0.645927",0.740841,0.772557,0.792671,0.0310108,3,"False",0.983171018276762,0.284903305426061,0.620874960358228,NA,NA,NA,0.882735460577027,0.995397726935177
"OLIG1","OLIG1","MA0826.1","-0.646274",0.740962,0.753364,0.773932,0.0742651,3,"False",0.983171018276762,NA,NA,NA,NA,NA,NA,NA
"Stat2","Stat2","MA1623.1","-0.651529",0.74266,0.763549,0.789435,0.09076,3,"False",0.983171018276762,0.147400353011361,0.0622481894927802,0.853533515263083,0.858911297520925,0.527416645624971,0.954652961076833,1
"MAFA","MAFA","MA1521.1","-0.651987",0.742807,0.745009,0.760444,0.0518033,3,"False",0.983171018276762,NA,NA,NA,NA,NA,NA,NA
"POU3F4","POU3F4","MA0789.1","-0.655025",0.743778,0.759578,0.788443,0.0321627,3,"False",0.983171018276762,NA,NA,NA,NA,NA,NA,NA
"EVX1","EVX1","MA0887.1","-0.661738",0.745943,0.831444,0.85347,0.0764241,3,"False",0.983171018276762,NA,NA,NA,NA,NA,NA,NA
"RFX1","RFX1","MA0509.2","-0.662429",0.746159,0.753937,0.773599,0.0440372,3,"False",0.983171018276762,NA,NA,NA,NA,NA,NA,0.957291793147474
"FOSL1","FOSL1::JUN","MA1128.1","-0.665855",0.747254,0.777546,0.799226,0.0433974,3,"False",0.983171018276762,NA,NA,NA,NA,NA,NA,NA
"JUN","FOSL1::JUN","MA1128.1","-0.665855",0.747254,0.777546,0.799226,0.0433974,3,"False",0.983171018276762,0.550621086863162,0.379405074105125,NA,NA,NA,0.97267103599385,0.985501378612174
"RFX3","RFX3","MA0798.2","-0.668049",0.747956,0.753538,0.773022,0.0439671,3,"False",0.983171018276762,0.00859591612447439,0.0092879975850427,0.823119130113792,0.831746688926182,0.194066140747258,0.734692738458492,0.906271658729581
"Smad2","Smad2::Smad3","MA1622.1","-0.670747",0.748815,0.765324,0.790122,0.0483565,3,"False",0.983171018276762,0.786338881654887,0.372485248898129,NA,NA,NA,0.408662072333748,0.595459985130088
"Smad3","Smad2::Smad3","MA1622.1","-0.670747",0.748815,0.765324,0.790122,0.0483565,3,"False",0.983171018276762,0.144756738356305,0.623171646413718,NA,NA,NA,0.96912235183743,1
"PAX7","PAX7","MA0680.1","-0.670938",0.748874,0.688651,0.718947,0.0294015,3,"False",0.983171018276762,NA,NA,NA,NA,NA,NA,NA
"TCF21","TCF21","MA1568.1","-0.672481",0.749365,0.795521,0.810428,0.0172061,3,"False",0.983171018276762,NA,NA,NA,NA,NA,NA,NA
"VSX1","VSX1","MA0725.1","-0.673238",0.749613,0.805853,0.836006,0.0901646,3,"False",0.983171018276762,NA,NA,NA,NA,NA,NA,NA
"E2F3","E2F3","MA0469.3","-0.675285",0.750261,0.676479,0.69333,0.0438316,3,"False",0.983171018276762,0.00510614400460044,0.000212147930398567,0.590389233434671,0.596720906045965,0.548432402471353,0.732807301529194,0.906271658729581
"FOXB1","FOXB1","MA0845.1","-0.683693",0.75292,0.768344,0.796028,0.0399134,3,"False",0.983171018276762,NA,NA,NA,NA,NA,NA,NA
"SPIB","SPIB","MA0081.2","-0.684875",0.753297,0.759247,0.777921,0.0459715,3,"False",0.983171018276762,NA,NA,NA,NA,NA,NA,NA
"VENTX","VENTX","MA0724.1","-0.68546",0.753481,0.796017,0.821439,0.0583051,3,"False",0.983171018276762,NA,NA,NA,NA,NA,NA,NA
"JUND","JUND","MA0491.2","-0.687396",0.754087,0.745312,0.770631,0.0263674,3,"False",0.983171018276762,0.00213584737172787,0.00037436692329244,0.969244389363596,0.968365459009298,0.119665381563243,0.462694681526478,0.900583976414876
"EVX2","EVX2","MA0888.1","-0.700032",0.758057,0.827045,0.850599,0.0655216,3,"False",0.983171018276762,NA,NA,NA,NA,NA,NA,NA
"PDX1","PDX1","MA0132.2","-0.703526",0.759142,0.829894,0.861063,0.0547224,3,"False",0.983171018276762,NA,NA,NA,NA,NA,NA,NA
"CREB3L1","CREB3L1","MA0839.1","-0.717848",0.763579,0.719066,0.73715,0.0223458,3,"False",0.983171018276762,NA,NA,NA,NA,NA,NA,NA
"Isl1","Isl1","MA1608.1","-0.719917",0.764217,0.792088,0.81737,0.0331538,3,"False",0.983171018276762,NA,NA,NA,NA,NA,NA,NA
"HNF1B","HNF1B","MA0153.2","-0.720988",0.764545,0.69299,0.722486,0.0137246,3,"False",0.983171018276762,NA,NA,NA,NA,NA,NA,NA
"TFAP4","TFAP4","MA0691.1","-0.721884",0.764822,0.772155,0.795801,0.0337887,3,"False",0.983171018276762,NA,NA,NA,NA,NA,NA,NA
"FOXL1","FOXL1","MA0033.2","-0.727158",0.766439,0.853499,0.88206,0.0235493,3,"False",0.983171018276762,NA,NA,NA,NA,NA,NA,NA
"Spz1","Spz1","MA0111.1","-0.734085",0.768555,0.853298,0.866532,0.010339,3,"False",0.983171018276762,NA,NA,NA,NA,NA,NA,NA
"Twist2","Twist2","MA0633.1","-0.737654",0.769652,0.779028,0.805608,0.0871099,3,"False",0.983171018276762,NA,NA,NA,NA,NA,NA,NA
"Lhx4","Lhx4","MA0704.1","-0.739188",0.770108,0.822885,0.85153,0.029075,3,"False",0.983171018276762,NA,NA,NA,NA,NA,NA,NA
"HEY1","HEY1","MA0823.1","-0.739841",0.770311,0.779252,0.805772,0.0626101,3,"False",0.983171018276762,NA,NA,NA,NA,NA,NA,NA
"ZBTB18","ZBTB18","MA0698.1","-0.746456",0.77231,0.772041,0.793457,0.0336188,3,"False",0.983171018276762,0.202458522114204,7.69392666586133e-05,0.359141859553865,0.346319123623148,1.09445068654587,0.826615344446066,1
"MEIS1","MEIS1","MA1639.1","-0.750282",0.773462,0.752783,0.780327,0.0265636,3,"False",0.983171018276762,NA,NA,NA,NA,NA,NA,NA
"Klf1","Klf1","MA0493.1","-0.75499",0.774876,0.843732,0.865753,0.0131622,3,"False",0.983171018276762,NA,NA,NA,NA,NA,NA,NA
"Ptf1a","Ptf1a","MA1620.1","-0.761504",0.776839,0.809227,0.833191,0.0835693,3,"False",0.983171018276762,NA,NA,NA,NA,NA,NA,NA
"CTCF","CTCF","MA0139.1","-0.76309",0.777303,0.760242,0.779428,0.0379057,3,"False",0.983171018276762,0.0284099809550743,0.316063337380249,NA,NA,NA,0.80486262941615,0.968101601404686
"MEOX1","MEOX1","MA0661.1","-0.764691",0.777775,0.808549,0.835225,0.00465685,3,"False",0.983171018276762,NA,NA,NA,NA,NA,NA,NA
"HOXB5","HOXB5","MA0904.2","-0.765236",0.777938,0.82545,0.853491,0.0110577,3,"False",0.983171018276762,NA,NA,NA,NA,NA,NA,NA
"HOXB2","HOXB2","MA0902.2","-0.767432",0.778592,0.844947,0.873685,0.0236434,3,"False",0.983171018276762,NA,NA,NA,NA,NA,NA,NA
"VSX2","VSX2","MA0726.1","-0.769823",0.77931,0.785547,0.820343,0.0993533,3,"False",0.983171018276762,NA,NA,NA,NA,NA,NA,NA
"MYF6","MYF6","MA0667.1","-0.770582",0.77953,0.767047,0.790362,0.0440448,3,"False",0.983171018276762,NA,NA,NA,NA,NA,NA,NA
"PROX1","PROX1","MA0794.1","-0.777966",0.78171,0.739088,0.758873,0.0200622,3,"False",0.983171018276762,NA,NA,NA,NA,NA,NA,NA
"ZNF274","ZNF274","MA1592.1","-0.778413",0.781851,0.757642,0.775754,0.0525299,3,"False",0.983171018276762,NA,NA,NA,NA,NA,NA,NA
"GATA2","GATA2","MA0036.3","-0.779277",0.782096,0.789213,0.818733,0.0341152,3,"False",0.983171018276762,NA,NA,NA,NA,NA,NA,NA
"DUXA","DUXA","MA0884.1","-0.779488",0.782165,0.75796,0.785032,0.0681569,3,"False",0.983171018276762,NA,NA,NA,NA,NA,NA,NA
"PAX4","PAX4","MA0068.2","-0.782512",0.783053,0.7842,0.81558,0.0746852,3,"False",0.983171018276762,NA,NA,NA,NA,NA,NA,NA
"REST","REST","MA0138.2","-0.782682",0.7831,0.672424,0.690243,0.0326592,3,"False",0.983171018276762,0.121143433066324,0.120476936123658,NA,0.288731814191624,NA,0.983744787855001,1
"Nr2e3","Nr2e3","MA0164.1","-0.784323",0.783581,0.798029,0.830206,0.05018,3,"False",0.983171018276762,NA,NA,NA,NA,NA,NA,NA
"Zic2","Zic2","MA1629.1","-0.788464",0.784795,0.782066,0.804892,0.0453708,3,"False",0.983171018276762,NA,NA,NA,NA,NA,NA,NA
"CEBPG","CEBPG","MA1636.1","-0.792218",0.78589,0.735216,0.761107,0.047373,3,"False",0.983171018276762,0.269136418738359,0.267590726941234,NA,NA,NA,0.683737845799799,0.799217469169761
"MAF","MAF","MA1520.1","-0.806522",0.79004,0.731634,0.750653,0.0472635,3,"False",0.983171018276762,5.88055474590365e-05,0.00634794728998078,0.924523176940668,0.927095230384418,-0.0623855895254271,0.74133384406734,0.737360922562402
"RFX4","RFX4","MA0799.1","-0.807804",0.790405,0.743925,0.7656,0.0365732,3,"False",0.983171018276762,NA,NA,NA,NA,NA,NA,NA
"IRF1","IRF1","MA0050.2","-0.807902",0.790444,0.718605,0.746391,0.0911903,3,"False",0.983171018276762,NA,NA,NA,NA,NA,NA,NA
"PHOX2A","PHOX2A","MA0713.1","-0.808381",0.790568,0.73625,0.77139,0.0230601,3,"False",0.983171018276762,NA,NA,NA,NA,NA,NA,NA
"FOXK1","FOXK1","MA0852.2","-0.813856",0.792155,0.764735,0.792099,0.0930198,3,"False",0.983171018276762,0.724708661207419,0.0182120068693275,0.486254291902391,NA,1.37371234446096,0.879292082746186,0.982203470643792
"BCL6B","BCL6B","MA0731.1","-0.819423",0.793733,0.646214,0.667536,0.0299755,3,"False",0.983171018276762,NA,NA,NA,NA,NA,NA,NA
"EMX1","EMX1","MA0612.2","-0.823658",0.794937,0.800054,0.834392,0.0254922,3,"False",0.983171018276762,NA,NA,NA,NA,NA,NA,NA
"MEIS2","MEIS2","MA0774.1","-0.833027",0.797592,0.83422,0.861224,0.0445934,3,"False",0.983171018276762,NA,NA,NA,NA,NA,NA,NA
"FOXE1","FOXE1","MA1487.1","-0.833308",0.797676,0.745878,0.774922,0.0709223,3,"False",0.983171018276762,NA,NA,NA,NA,NA,NA,NA
"DLX6","DLX6","MA0882.1","-0.83517",0.798196,0.83564,0.869207,0.0515441,3,"False",0.983171018276762,NA,NA,NA,NA,NA,NA,NA
"ZNF24","ZNF24","MA1124.1","-0.837507",0.79885,0.678543,0.709547,0.0155885,3,"False",0.983171018276762,0.149021446792061,0.0116377514333398,0.591239067718238,0.597600383715685,0.494232323580192,0.924217737768127,0.995397726935177
"BHLHA15","BHLHA15","MA1472.1","-0.842105",0.80014,0.852322,0.87435,0.0247318,3,"False",0.983171018276762,NA,NA,NA,NA,NA,NA,NA
"Rhox11","Rhox11","MA0629.1","-0.850629",0.80252,0.771967,0.793401,0.0388839,3,"False",0.983171018276762,NA,NA,NA,NA,NA,NA,NA
"BATF3","BATF3","MA0835.2","-0.853975",0.803448,0.757828,0.78925,0.0510577,3,"False",0.983171018276762,NA,NA,NA,NA,NA,NA,0.911302036859612
"NFATC2","NFATC2","MA0152.1","-0.856982",0.804277,0.876377,0.903213,0.0233431,3,"False",0.983171018276762,0.000927909687317297,0.000252875193980379,0.863019468222488,0.868419617666429,0.177792218201602,0.891667321571463,1
"CLOCK","CLOCK","MA0819.1","-0.861668",0.805572,0.784938,0.808379,0.0382527,3,"False",0.983171018276762,0.252082832100264,0.0984799092653004,NA,NA,NA,0.642389498531967,0.918631063890852
"FOSL2","FOSL2::JUN","MA1130.1","-0.863822",0.806164,0.777269,0.805799,0.0455929,3,"False",0.983171018276762,NA,NA,NA,NA,NA,NA,NA
"JUN","FOSL2::JUN","MA1130.1","-0.863822",0.806164,0.777269,0.805799,0.0455929,3,"False",0.983171018276762,0.550621086863162,0.379405074105125,NA,NA,NA,0.97267103599385,0.985501378612174
"SOX10","SOX10","MA0442.2","-0.871235",0.808192,0.817335,0.849151,0.0366453,3,"False",0.983171018276762,NA,NA,NA,NA,NA,NA,NA
"MYF5","MYF5","MA1641.1","-0.875459",0.809345,0.789745,0.818577,0.0450704,3,"False",0.983171018276762,NA,NA,NA,NA,NA,NA,NA
"FOXD1","FOXD1","MA0031.1","-0.886004",0.81221,0.799093,0.834363,0.10416,3,"False",0.983171018276762,NA,NA,NA,NA,NA,NA,NA
"HOXA5","HOXA5","MA0158.2","-0.887877",0.812702,0.832998,0.863656,0.0321755,3,"False",0.983171018276762,NA,NA,NA,NA,NA,NA,NA
"Ar","Ar","MA0007.3","-0.889408",0.813116,0.702818,0.725172,0.0358175,3,"False",0.983171018276762,NA,NA,NA,NA,NA,NA,NA
"JUNB","JUNB","MA0490.2","-0.889669",0.813182,0.733889,0.767068,0.0281121,3,"False",0.983171018276762,0.329201788665352,0.634586227783019,NA,NA,NA,0.67285833371456,0.770013143376798
"BATF","BATF::JUN","MA0462.2","-0.891126",0.813576,0.756312,0.789704,0.0495887,3,"False",0.983171018276762,NA,NA,NA,NA,NA,NA,NA
"JUN","BATF::JUN","MA0462.2","-0.891126",0.813576,0.756312,0.789704,0.0495887,3,"False",0.983171018276762,0.550621086863162,0.379405074105125,NA,NA,NA,0.97267103599385,0.985501378612174
"Nobox","Nobox","MA0125.1","-0.89683",0.815101,0.823352,0.856964,0.0387057,3,"False",0.983171018276762,NA,NA,NA,NA,NA,NA,NA
"PITX2","PITX2","MA1547.1","-0.903618",0.816939,0.811771,0.849285,0.167512,3,"False",0.983171018276762,NA,NA,NA,NA,NA,NA,NA
"HOXA2","HOXA2","MA0900.2","-0.908682",0.818246,0.793389,0.833052,0.0385768,3,"False",0.983171018276762,NA,NA,NA,NA,NA,NA,NA
"RORC","RORC","MA1151.1","-0.913716",0.819572,0.808332,0.831566,0.0248781,3,"False",0.983171018276762,NA,NA,NA,NA,NA,NA,NA
"Ptf1a","Ptf1a","MA1619.1","-0.915924",0.820154,0.797102,0.827653,0.0443822,3,"False",0.983171018276762,NA,NA,NA,NA,NA,NA,NA
"SOX8","SOX8","MA0868.2","-0.918844",0.820916,0.79703,0.828354,0.0320203,3,"False",0.983171018276762,NA,NA,NA,NA,NA,NA,NA
"TBX3","TBX3","MA1566.1","-0.922126",0.821776,0.861348,0.881918,0.0314636,3,"False",0.983171018276762,NA,NA,NA,NA,NA,NA,NA
"HOXB8","HOXB8","MA1502.1","-0.922437",0.821854,0.831712,0.866955,0.0258649,3,"False",0.983171018276762,NA,NA,NA,NA,NA,NA,NA
"RAX","RAX","MA0718.1","-0.926964",0.823039,0.798487,0.837121,0.082641,3,"False",0.983171018276762,NA,NA,NA,NA,NA,NA,NA
"FOXO4","FOXO4","MA0848.1","-0.936191",0.825421,0.833872,0.869398,0.0563781,3,"False",0.983171018276762,NA,NA,NA,NA,NA,NA,NA
"Dlx4","Dlx4","MA0881.1","-0.936345",0.825459,0.834607,0.871196,0.0489851,3,"False",0.983171018276762,NA,NA,NA,NA,NA,NA,NA
"STAT1","STAT1::STAT2","MA0517.1","-0.942033",0.826923,0.752029,0.78214,0.0596645,3,"False",0.983171018276762,0.619095866789856,0.100824886494154,NA,NA,NA,0.785274266865591,0.750048865982797
"STAT2","STAT1::STAT2","MA0517.1","-0.942033",0.826923,0.752029,0.78214,0.0596645,3,"False",0.983171018276762,0.147400353011361,0.0622481894927802,0.853533515263083,0.858911297520925,0.527416645624971,0.954652961076833,1
"OSR1","OSR1","MA1542.1","-0.945076",0.827694,0.809477,0.833809,0.0148169,3,"False",0.983171018276762,NA,NA,NA,NA,NA,NA,NA
"BATF","BATF","MA1634.1","-0.94792",0.828422,0.75561,0.791318,0.0516202,3,"False",0.983171018276762,NA,NA,NA,NA,NA,NA,NA
"FOXG1","FOXG1","MA0613.1","-0.953019",0.829718,0.782789,0.825753,0.0705462,3,"False",0.983171018276762,0.00215328889663029,0.0543892017785555,0.69954447390401,0.709593673559342,-0.289453944636539,0.408662072333748,NA
"TBX18","TBX18","MA1565.1","-0.957772",0.830915,0.790746,0.815464,0.0187355,3,"False",0.983171018276762,NA,NA,NA,NA,NA,NA,NA
"FOXD2","FOXD2","MA0847.2","-0.961937",0.831972,0.779133,0.812352,0.0728064,3,"False",0.983171018276762,NA,NA,NA,NA,NA,NA,NA
"Foxd3","Foxd3","MA0041.1","-0.96289",0.832213,0.803602,0.840069,0.0846533,3,"False",0.983171018276762,NA,NA,NA,NA,NA,NA,NA
"Stat6","Stat6","MA0520.1","-0.97047",0.834097,0.779002,0.809161,0.0051785,3,"False",0.983171018276762,0.000802094477689615,0.0140949114207365,0.876778285676784,0.882899171190837,0.0735303585953799,0.59207735063741,0.906271658729581
"GFI1","GFI1","MA0038.2","-0.978113",0.835996,0.767732,0.796408,0.0282793,3,"False",0.983171018276762,NA,NA,NA,NA,NA,NA,NA
"NKX2-5","NKX2-5","MA0063.2","-0.98029",0.836537,0.801927,0.833775,0.0496647,3,"False",0.983171018276762,NA,NA,NA,NA,NA,NA,NA
"Dlx3","Dlx3","MA0880.1","-0.980381",0.836558,0.829666,0.869648,0.0533223,3,"False",0.983171018276762,NA,NA,NA,NA,NA,NA,NA
"KLF10","KLF10","MA1511.1","-0.984172",0.837488,0.829924,0.861439,0.00352542,3,"False",0.983171018276762,NA,NA,NA,NA,NA,NA,NA
"FOXC2","FOXC2","MA0846.1","-0.986184",0.837986,0.778465,0.818261,0.0581964,3,"False",0.983171018276762,NA,NA,NA,NA,NA,NA,NA
"MEIS3","MEIS3","MA0775.1","-0.987671",0.838349,0.857472,0.886699,0.030994,3,"False",0.983171018276762,NA,NA,NA,NA,NA,NA,NA
"HESX1","HESX1","MA0894.1","-0.988531",0.838564,0.784732,0.826882,0.0769371,3,"False",0.983171018276762,NA,NA,NA,NA,NA,NA,NA
"HOXD8","HOXD8","MA0910.2","-0.990271",0.838984,0.8255,0.862371,0.0264488,3,"False",0.983171018276762,NA,NA,NA,NA,NA,NA,NA
"Zic1","Zic1::Zic2","MA1628.1","-0.992589",0.83955,0.838406,0.869542,0.0300892,3,"False",0.983171018276762,NA,NA,NA,NA,NA,NA,NA
"Zic2","Zic1::Zic2","MA1628.1","-0.992589",0.83955,0.838406,0.869542,0.0300892,3,"False",0.983171018276762,NA,NA,NA,NA,NA,NA,NA
"HOXC8","HOXC8","MA1505.1","-0.994317",0.839971,0.838304,0.871986,0.0315625,3,"False",0.983171018276762,NA,NA,NA,NA,NA,NA,NA
"HOXD9","HOXD9","MA0913.2","-1.00189",0.84181,0.77385,0.814017,0.0581245,3,"False",0.983171018276762,NA,NA,NA,NA,NA,NA,NA
"GCM1","GCM1","MA0646.1","-1.0032",0.842122,0.780553,0.804757,0.0117715,3,"False",0.983171018276762,NA,NA,NA,NA,NA,NA,NA
"MGA","MGA","MA0801.1","-1.00351",0.8422,0.827345,0.856725,0.0376257,3,"False",0.983171018276762,0.814716387040945,0.0641106274744611,NA,NA,NA,0.785274266865591,0.87900911157609
"RFX7","RFX7","MA1554.1","-1.01609",0.84522,0.862434,0.884452,0.0487188,3,"False",0.983171018276762,0.189952951663069,0.471388351672218,NA,NA,NA,0.984215435344917,1
"TFCP2","TFCP2","MA0145.3","-1.02127",0.846443,0.775265,0.802875,0.0291312,3,"False",0.983171018276762,0.999715677494158,0.0470276013745535,NA,NA,NA,0.637395036420063,0.632985622258138
"SOX2","SOX2","MA0143.4","-1.02622",0.847616,0.787056,0.823216,0.0617832,3,"False",0.983171018276762,NA,NA,NA,NA,NA,NA,NA
"RUNX2","RUNX2","MA0511.2","-1.03211",0.849009,0.802163,0.830783,0.0754961,3,"False",0.983171018276762,0.00131371137880625,0.000285232966972144,0.63347931566969,0.642297267915138,0.429188713480357,0.637844263795209,0.852782611660496
"ARGFX","ARGFX","MA1463.1","-1.03704",0.850152,0.72603,0.775068,0.0823811,3,"False",0.983171018276762,NA,NA,NA,NA,NA,NA,NA
"ESX1","ESX1","MA0644.1","-1.03849",0.850489,0.805124,0.844224,0.071365,3,"False",0.983171018276762,NA,NA,NA,NA,NA,NA,NA
"Foxf1","Foxf1","MA1606.1","-1.04161",0.851213,0.766274,0.811742,0.0753672,3,"False",0.983171018276762,NA,NA,NA,NA,NA,NA,NA
"FOXI1","FOXI1","MA0042.2","-1.04728",0.852522,0.80705,0.849178,0.063686,3,"False",0.983171018276762,NA,NA,NA,NA,NA,NA,NA
"GRHL1","GRHL1","MA0647.1","-1.0478",0.852642,0.716333,0.748851,0.0432813,3,"False",0.983171018276762,NA,NA,NA,NA,NA,NA,NA
"SHOX","SHOX","MA0630.1","-1.04951",0.853035,0.810888,0.857587,0.0648182,3,"False",0.983171018276762,NA,NA,NA,NA,NA,NA,NA
"Dlx2","Dlx2","MA0885.1","-1.05292",0.85382,0.812198,0.860045,0.0780704,3,"False",0.983171018276762,NA,NA,NA,NA,NA,NA,NA
"KLF9","KLF9","MA1107.2","-1.07031",0.857763,0.75851,0.794726,0.00032104,3,"False",0.983171018276762,0.21942105163088,0.0168616448870177,0.338908235577946,0.321489525385028,0.622474591927337,0.891667321571463,0.995397726935177
"Arid3a","Arid3a","MA0151.1","-1.07126",0.857978,0.836104,0.890637,0.0348458,3,"False",0.983171018276762,0.0233723713878305,0.821236403026398,0.461053930554098,0.455851219470271,-1.50811474694636,0.794178200616047,0.884141951810587
"FOXO6","FOXO6","MA0849.1","-1.07451",0.858713,0.810918,0.853485,0.0721199,3,"False",0.983171018276762,NA,NA,NA,NA,NA,NA,NA
"GBX2","GBX2","MA0890.1","-1.07601",0.859049,0.787336,0.831573,0.0733204,3,"False",0.983171018276762,NA,NA,NA,NA,NA,NA,NA
"NFYB","NFYB","MA0502.2","-1.08072",0.860095,0.767264,0.803189,0.0391654,3,"False",0.983171018276762,NA,NA,NA,NA,NA,NA,NA
"GATA6","GATA6","MA1104.2","-1.08127",0.860216,0.738908,0.778888,0.0385632,3,"False",0.983171018276762,NA,NA,NA,NA,NA,NA,NA
"RFX2","RFX2","MA0600.2","-1.08213",0.860408,0.684741,0.716721,0.0310183,3,"False",0.983171018276762,NA,NA,NA,NA,NA,NA,NA
"MAX","MAX::MYC","MA0059.1","-1.09016",0.862188,0.766442,0.797632,0.0468568,3,"False",0.983171018276762,0.590334675858599,0.0139642677688068,0.4156040906622,0.413288937212128,1.44484397191498,0.998674089525648,1
"MYC","MAX::MYC","MA0059.1","-1.09016",0.862188,0.766442,0.797632,0.0468568,3,"False",0.983171018276762,NA,NA,NA,NA,NA,NA,NA
"HOXA7","HOXA7","MA1498.1","-1.09083",0.862331,0.836241,0.874915,0.0178034,3,"False",0.983171018276762,NA,NA,NA,NA,NA,NA,NA
"Hmx1","Hmx1","MA0896.1","-1.09888",0.864101,0.726834,0.758219,0.0553253,3,"False",0.983171018276762,NA,NA,NA,NA,NA,NA,NA
"DUX4","DUX4","MA0468.1","-1.10056",0.864462,0.759838,0.799608,0.0473662,3,"False",0.983171018276762,NA,NA,NA,NA,NA,NA,NA
"LMX1A","LMX1A","MA0702.2","-1.10587",0.865614,0.74275,0.797493,0.0474822,3,"False",0.983171018276762,NA,NA,NA,NA,NA,NA,NA
"ISX","ISX","MA0654.1","-1.11241",0.867025,0.790211,0.841417,0.0590708,3,"False",0.983171018276762,NA,NA,NA,NA,NA,NA,NA
"HOXD4","HOXD4","MA1507.1","-1.12698",0.870128,0.828031,0.8751,0.020825,3,"False",0.983171018276762,NA,NA,NA,NA,NA,NA,NA
"HOXC4","HOXC4","MA1504.1","-1.136",0.872025,0.836385,0.882558,0.0279188,3,"False",0.983171018276762,NA,NA,NA,NA,NA,NA,NA
"SOX9","SOX9","MA0077.1","-1.14021",0.872904,0.808993,0.843883,0.00954551,3,"False",0.983171018276762,NA,NA,NA,NA,NA,NA,NA
"NR3C1","NR3C1","MA0113.3","-1.14135",0.87315,0.693894,0.724725,0.0561776,3,"False",0.983171018276762,0.00624220732288897,0.343660573217431,NA,NA,NA,0.911057157278762,0.970624946430401
"GATA4","GATA4","MA0482.2","-1.1456",0.874027,0.764304,0.802708,0.0488766,3,"False",0.983171018276762,NA,NA,NA,NA,NA,NA,NA
"ZNF382","ZNF382","MA1594.1","-1.1549",0.875943,0.65826,0.680435,0.0295592,3,"False",0.983171018276762,NA,NA,NA,NA,NA,NA,NA
"NKX6-1","NKX6-1","MA0674.1","-1.16648",0.878295,0.818271,0.863258,0.0268022,3,"False",0.983171018276762,NA,NA,NA,NA,NA,NA,NA
"FOXP3","FOXP3","MA0850.1","-1.17426",0.879861,0.874814,0.908238,0.0364185,3,"False",0.983171018276762,NA,NA,NA,NA,NA,NA,NA
"Hmx3","Hmx3","MA0898.1","-1.18091",0.881192,0.696555,0.733844,0.0610012,3,"False",0.983171018276762,NA,NA,NA,NA,NA,NA,NA
"POU6F1","POU6F1","MA1549.1","-1.1928",0.88353,0.793636,0.833784,0.0169901,3,"False",0.983171018276762,NA,NA,NA,NA,NA,NA,NA
"ETV4","ETV4","MA0764.2","-1.2063",0.886152,0.840249,0.883767,0.00954505,3,"False",0.983171018276762,NA,NA,NA,NA,NA,NA,NA
"TLX2","TLX2","MA1577.1","-1.21609",0.888041,0.780333,0.842124,0.124011,3,"False",0.983171018276762,NA,NA,NA,NA,NA,NA,NA
"LBX2","LBX2","MA0699.1","-1.24201",0.892889,0.802951,0.846595,0.0404943,3,"False",0.983171018276762,NA,NA,NA,NA,NA,NA,NA
"ZBTB32","ZBTB32","MA1580.1","-1.24539",0.893514,0.732929,0.777553,0.0500518,3,"False",0.983171018276762,NA,NA,NA,NA,NA,NA,NA
"PRRX1","PRRX1","MA0716.1","-1.25456",0.89519,0.793704,0.850064,0.0772956,3,"False",0.983171018276762,NA,NA,NA,NA,NA,NA,NA
"CDX4","CDX4","MA1473.1","-1.26456",0.896992,0.745892,0.792821,0.0405814,3,"False",0.983171018276762,NA,NA,NA,NA,NA,NA,NA
"BSX","BSX","MA0876.1","-1.26565",0.897186,0.838355,0.886044,0.0386022,3,"False",0.983171018276762,NA,NA,NA,NA,NA,NA,NA
"NKX6-2","NKX6-2","MA0675.1","-1.26614",0.897272,0.817325,0.869819,0.0130616,3,"False",0.983171018276762,NA,NA,NA,NA,NA,NA,NA
"DLX5","DLX5","MA1476.1","-1.26978",0.897929,0.770542,0.833255,0.0951583,3,"False",0.983171018276762,NA,NA,NA,NA,NA,NA,NA
"TBXT","TBXT","MA0009.2","-1.27874",0.899515,0.668741,0.700128,0.0420318,3,"False",0.983171018276762,NA,NA,NA,NA,NA,NA,NA
"HOXA4","HOXA4","MA1496.1","-1.28089",0.899894,0.858506,0.895059,0.0492483,3,"False",0.983171018276762,NA,NA,NA,NA,NA,NA,NA
"Nr2e1","Nr2e1","MA0676.1","-1.28452",0.900524,0.792,0.834504,0.0318434,3,"False",0.983171018276762,NA,NA,NA,NA,NA,NA,NA
"Hmx2","Hmx2","MA0897.1","-1.29399",0.902173,0.695405,0.735962,0.0470649,3,"False",0.983171018276762,NA,NA,NA,NA,NA,NA,NA
"SOX13","SOX13","MA1120.1","-1.29492",0.902338,0.782324,0.829006,0.0728907,3,"False",0.983171018276762,NA,NA,NA,NA,NA,NA,NA
"CEBPD","CEBPD","MA0836.2","-1.30447",0.903971,0.732686,0.776794,0.0519702,3,"False",0.983171018276762,0.0424567037520479,0.0891908913002231,0.918995177486874,0.922317636321813,0.310484584782336,0.96108525328411,1
"MIXL1","MIXL1","MA0662.1","-1.31468",0.905699,0.807173,0.85787,0.0649352,3,"False",0.983171018276762,NA,NA,NA,NA,NA,NA,NA
"GSX2","GSX2","MA0893.2","-1.31807",0.906265,0.850031,0.892,0.0346485,3,"False",0.983171018276762,NA,NA,NA,NA,NA,NA,NA
"Shox2","Shox2","MA0720.1","-1.323",0.90709,0.792621,0.85139,0.0697209,3,"False",0.983171018276762,NA,NA,NA,NA,NA,NA,NA
"GBX1","GBX1","MA0889.1","-1.32718",0.907783,0.766733,0.817305,0.0557993,3,"False",0.983171018276762,NA,NA,NA,NA,NA,NA,NA
"Rarb","Rarb","MA0858.1","-1.32764",0.907855,0.667632,0.700934,0.0223749,3,"False",0.983171018276762,NA,NA,NA,NA,NA,NA,NA
"SOX4","SOX4","MA0867.2","-1.32842",0.907985,0.820151,0.863611,0.0272397,3,"False",0.983171018276762,NA,NA,NA,NA,NA,NA,NA
"EN2","EN2","MA0642.1","-1.32939",0.908144,0.826051,0.86434,0.014431,3,"False",0.983171018276762,NA,NA,NA,NA,NA,NA,NA
"MEIS1","MEIS1","MA0498.2","-1.33946",0.909793,0.883817,0.925456,0.0149155,3,"False",0.983171018276762,NA,NA,NA,NA,NA,NA,NA
"Sox5","Sox5","MA0087.1","-1.34762",0.911126,0.80564,0.863871,0.114511,3,"False",0.983171018276762,0.662527951177331,0.353320030204421,NA,NA,NA,0.200282606932732,0.217595659219213
"TBX19","TBX19","MA0804.1","-1.36079",0.913214,0.650126,0.682991,0.0235985,3,"False",0.983171018276762,NA,NA,NA,NA,NA,NA,NA
"LHX9","LHX9","MA0701.2","-1.36651",0.914115,0.773462,0.830304,0.0432503,3,"False",0.983171018276762,NA,NA,NA,NA,NA,NA,NA
"NFYA","NFYA","MA0060.3","-1.36698",0.914188,0.769121,0.818924,0.0245647,3,"False",0.983171018276762,0.16950897729035,0.294334504099772,NA,NA,NA,0.840346285141605,1
"Msx3","Msx3","MA0709.1","-1.36996",0.914659,0.784101,0.845244,0.0780375,3,"False",0.983171018276762,NA,NA,NA,NA,NA,NA,NA
"Foxl2","Foxl2","MA1607.1","-1.37004",0.914674,0.718798,0.774689,0.0830833,3,"False",0.983171018276762,NA,NA,NA,NA,NA,NA,NA
"NFYC","NFYC","MA1644.1","-1.37542",0.915502,0.766663,0.817713,0.0208052,3,"False",0.983171018276762,0.597882175492798,0.585822704593845,NA,NA,NA,0.979638759644307,1
"CDX2","CDX2","MA0465.2","-1.37951",0.916139,0.729581,0.7856,0.0612642,3,"False",0.983171018276762,NA,NA,NA,NA,NA,NA,NA
"CEBPA","CEBPA","MA0102.4","-1.3831",0.916691,0.715739,0.762792,0.0581234,3,"False",0.983171018276762,0.095210391575564,0.128137370439723,0.710804652961764,0.722015162730796,0.259513012100828,0.983744787855001,1
"LBX1","LBX1","MA0618.1","-1.38745",0.917352,0.794164,0.845877,0.0329691,3,"False",0.983171018276762,NA,NA,NA,NA,NA,NA,NA
"ATOH7","ATOH7","MA1468.1","-1.39791",0.918942,0.817191,0.84984,0.0506214,3,"False",0.983171018276762,NA,NA,NA,NA,NA,NA,NA
"Sox6","Sox6","MA0515.1","-1.41056",0.920821,0.820609,0.863219,0.0530885,3,"False",0.983171018276762,NA,NA,NA,NA,NA,NA,NA
"HOXA6","HOXA6","MA1497.1","-1.41968",0.922153,0.803816,0.84754,0.00537263,3,"False",0.983171018276762,NA,NA,NA,NA,NA,NA,NA
"EN1","EN1","MA0027.2","-1.42262",0.922585,0.81076,0.86567,0.0661235,3,"False",0.983171018276762,NA,NA,NA,NA,NA,NA,NA
"GATA1","GATA1::TAL1","MA0140.2","-1.43751",0.924716,0.72087,0.762472,0.00101752,3,"False",0.983171018276762,NA,NA,NA,NA,NA,NA,NA
"TAL1","GATA1::TAL1","MA0140.2","-1.43751",0.924716,0.72087,0.762472,0.00101752,3,"False",0.983171018276762,0.160416548547166,0.449041229132277,NA,NA,NA,0.868366021789343,0.970624946430401
"TBX21","TBX21","MA0690.1","-1.44726",0.926095,0.758189,0.799524,0.0470288,3,"False",0.983171018276762,NA,NA,NA,NA,NA,NA,NA
"TBX1","TBX1","MA0805.1","-1.44787",0.926176,0.785974,0.833,0.020496,3,"False",0.983171018276762,NA,NA,NA,NA,NA,NA,NA
"FOXK2","FOXK2","MA1103.2","-1.46978",0.929199,0.750394,0.811392,0.0804758,3,"False",0.983171018276762,0.528976525150773,0.922967800068037,NA,NA,NA,0.982498227715656,0.997548884696355
"RFX5","RFX5","MA0510.2","-1.471",0.929359,0.667638,0.710932,0.0255398,3,"False",0.983171018276762,NA,NA,NA,NA,NA,NA,NA
"PAX3","PAX3","MA1546.1","-1.48271",0.930928,0.717089,0.749015,0.0237137,3,"False",0.983171018276762,NA,NA,NA,NA,NA,NA,NA
"TBX15","TBX15","MA0803.1","-1.48341",0.931021,0.788166,0.834836,0.012915,3,"False",0.983171018276762,NA,NA,NA,NA,NA,NA,NA
"NR3C2","NR3C2","MA0727.1","-1.49121",0.932055,0.680817,0.7212,0.0479499,3,"False",0.983171018276762,0.00715728286261072,0.0869766250122613,0.863831924999531,0.869643526754384,0.0455646389252668,0.927485967075536,1
"DRGX","DRGX","MA1481.1","-1.49248",0.93222,0.796233,0.859175,0.0654593,3,"False",0.983171018276762,NA,NA,NA,NA,NA,NA,NA
"GSX1","GSX1","MA0892.1","-1.49258",0.932233,0.817818,0.865483,0.0461158,3,"False",0.983171018276762,NA,NA,NA,NA,NA,NA,NA
"SOX18","SOX18","MA1563.1","-1.4932",0.932317,0.89114,0.919466,0.037946,3,"False",0.983171018276762,NA,NA,NA,NA,NA,NA,NA
"PRRX2","PRRX2","MA0075.3","-1.5038",0.933691,0.741237,0.8135,0.0864946,3,"False",0.983171018276762,NA,NA,NA,NA,NA,NA,NA
"LHX5","LHX5","MA1519.1","-1.50899",0.934355,0.762382,0.830107,0.0551943,3,"False",0.983171018276762,NA,NA,NA,NA,NA,NA,NA
"ETV5","ETV5","MA0765.2","-1.51157",0.934681,0.804984,0.853063,0.0185624,3,"False",0.983171018276762,0.034707610349347,0.114072584070988,NA,0.947322784731604,NA,0.916598761890717,1
"SOX21","SOX21","MA0866.1","-1.52075",0.935844,0.641048,0.69156,0.0378211,3,"False",0.983171018276762,NA,NA,NA,NA,NA,NA,NA
"UNCX","UNCX","MA0721.1","-1.52403",0.936257,0.790922,0.855265,0.0680053,3,"False",0.983171018276762,NA,NA,NA,NA,NA,NA,NA
"EOMES","EOMES","MA0800.1","-1.52664",0.936586,0.74432,0.785714,0.0619375,3,"False",0.983171018276762,NA,NA,NA,NA,NA,NA,NA
"LHX1","LHX1","MA1518.1","-1.53767",0.937939,0.834941,0.885667,0.0355405,3,"False",0.983171018276762,NA,NA,NA,NA,NA,NA,NA
"HOXB6","HOXB6","MA1500.1","-1.54042",0.938274,0.840771,0.887805,0.00906485,3,"False",0.983171018276762,NA,NA,NA,NA,NA,NA,NA
"Foxj3","Foxj3","MA0851.1","-1.55377",0.939885,0.720176,0.779994,0.0466781,3,"False",0.983171018276762,0.29837302961048,0.282007387615022,NA,NA,NA,0.798141315001709,0.990348187113912
"Sox1","Sox1","MA0870.1","-1.5539",0.9399,0.640917,0.692287,0.0367204,3,"False",0.983171018276762,NA,NA,NA,NA,NA,NA,NA
"Sox11","Sox11","MA0869.1","-1.56708",0.941458,0.602055,0.656775,0.0536337,3,"False",0.983171018276762,NA,NA,NA,NA,NA,NA,NA
"CDX1","CDX1","MA0878.2","-1.57055",0.941862,0.726766,0.783456,0.0478355,3,"False",0.983171018276762,NA,NA,NA,NA,NA,NA,NA
"RAX2","RAX2","MA0717.1","-1.59242",0.944362,0.794407,0.859182,0.0669143,3,"False",0.983171018276762,NA,NA,NA,NA,NA,NA,NA
"LHX2","LHX2","MA0700.2","-1.60616",0.945885,0.732284,0.802205,0.0453036,3,"False",0.983171018276762,NA,NA,NA,NA,NA,NA,NA
"OSR2","OSR2","MA1646.1","-1.60895",0.946192,0.790981,0.838609,0.0445841,3,"False",0.983171018276762,NA,NA,NA,NA,NA,NA,NA
"Sox3","Sox3","MA0514.1","-1.62218",0.947623,0.826583,0.873454,0.0356842,3,"False",0.983171018276762,NA,NA,NA,NA,NA,NA,NA
"ZNF652","ZNF652","MA1657.1","-1.62973",0.948424,0.70846,0.766657,0.0285858,3,"False",0.983171018276762,0.0904404515963458,0.341748434997831,NA,NA,NA,0.613768729571271,0.87093422769874
"Foxo1","Foxo1","MA0480.1","-1.63037",0.9485,0.778327,0.831147,0.0821791,3,"False",0.983171018276762,0.45623111883309,0.954034022836514,NA,NA,NA,0.599387356437057,0.632985622258138
"RUNX1","RUNX1","MA0002.2","-1.69589",0.95505,0.809783,0.852338,0.024158,3,"False",0.984736216774194,1.7180735455654e-06,2.99109818884973e-06,0.765012832344032,0.775665647232366,0.287093427220659,0.771767096230565,0.906271658729581
"FOXO3","FOXO3","MA0157.2","-1.69587",0.955053,0.757832,0.823193,0.0756605,3,"False",0.984736216774194,0.00753809835551461,0.993673578595807,0.582832468124217,0.587810260791916,-2.69352882997252,0.912130424246269,1
"TBR1","TBR1","MA0802.1","-1.71515",0.956852,0.752809,0.80205,0.0695631,3,"False",0.984736216774194,0.0411417526330687,0.000418299330476261,0.603768441314799,0.609982259976034,0.685960530551412,0.879292082746186,0.998857958366548
"NKX6-3","NKX6-3","MA1530.1","-1.72647",0.957871,0.793829,0.854417,0.0243999,3,"False",0.984736216774194,NA,NA,NA,NA,NA,NA,NA
"TBX4","TBX4","MA0806.1","-1.73642",0.958759,0.813543,0.862423,0.0320231,3,"False",0.984736216774194,NA,NA,NA,NA,NA,NA,NA
"Lhx8","Lhx8","MA0705.1","-1.75517",0.960388,0.799057,0.863363,0.0422161,3,"False",0.984736216774194,NA,NA,NA,NA,NA,NA,NA
"MSX2","MSX2","MA0708.1","-1.75989",0.960793,0.76568,0.839384,0.0736577,3,"False",0.984736216774194,NA,NA,NA,NA,NA,NA,NA
"ALX3","ALX3","MA0634.1","-1.76017",0.960817,0.764055,0.8326,0.0661041,3,"False",0.984736216774194,NA,NA,NA,NA,NA,NA,NA
"FOXH1","FOXH1","MA0479.1","-1.76442",0.961172,0.762254,0.8201,0.0292542,3,"False",0.984736216774194,NA,NA,NA,NA,NA,NA,NA
"TBX6","TBX6","MA1567.1","-1.80323",0.964327,0.808933,0.85378,0.0241887,3,"False",0.985597842639594,NA,NA,NA,NA,NA,NA,NA
"HMBOX1","HMBOX1","MA0895.1","-1.81065",0.964907,0.777611,0.83189,0.0435443,3,"False",0.985597842639594,5.2560590172058e-05,0.109025386912872,0.585309441197999,0.590013026741404,-0.426323792083526,0.595333051750391,0.906271658729581
"FOXA1","FOXA1","MA0148.4","-1.83365",0.966651,0.713519,0.786924,0.0506647,3,"False",0.985597842639594,NA,NA,NA,NA,NA,NA,NA
"FOXP2","FOXP2","MA0593.1","-1.84994",0.967843,0.753111,0.825244,0.0571134,3,"False",0.985597842639594,0.0737066025760739,0.45200925380439,0.894639597731492,0.900062076485166,-0.201473352115982,0.959799575518654,1
"TBX2","TBX2","MA0688.1","-1.87246",0.969433,0.770727,0.819378,0.040221,3,"False",0.985597842639594,NA,NA,NA,NA,NA,NA,NA
"MSX1","MSX1","MA0666.1","-1.8993",0.971241,0.790668,0.861427,0.0471476,3,"False",0.985597842639594,NA,NA,NA,NA,NA,NA,NA
"TBX5","TBX5","MA0807.1","-1.93961",0.973788,0.820618,0.87192,0.0142186,3,"False",0.985597842639594,NA,NA,NA,NA,NA,NA,NA
"HOXB7","HOXB7","MA1501.1","-1.97863",0.976073,0.777918,0.835693,0.0103102,3,"False",0.985597842639594,NA,NA,NA,NA,NA,NA,NA
"SOX14","SOX14","MA1562.1","-1.99857",0.977176,0.716983,0.778832,0.038756,3,"False",0.985597842639594,NA,NA,NA,NA,NA,NA,NA
"TBX20","TBX20","MA0689.1","-2.01032",0.977805,0.745598,0.800256,0.0432245,3,"False",0.985597842639594,NA,NA,NA,NA,NA,NA,NA
"FOXA2","FOXA2","MA0047.3","-2.01294",0.977943,0.726996,0.810188,0.0574398,3,"False",0.985597842639594,NA,NA,NA,NA,NA,NA,NA
"Dux","Dux","MA0611.1","-2.0136",0.977976,0.761915,0.847694,0.00647645,3,"False",0.985597842639594,NA,NA,NA,NA,NA,NA,NA
"Gfi1b","Gfi1b","MA0483.1","-2.01692",0.97815,0.777238,0.836853,0.0174625,3,"False",0.985597842639594,NA,NA,NA,NA,NA,NA,NA
"FOXN3","FOXN3","MA1489.1","-2.07331",0.980937,0.666667,0.765425,0.144338,3,"False",0.985934926582278,0.00674297516941003,0.107981914586123,NA,NA,NA,0.775079460339539,0.995397726935177
"FOXP1","FOXP1","MA0481.3","-2.0741",0.980968,0.728916,0.816202,0.0637443,3,"False",0.985934926582278,8.53888335749656e-07,1.66944850048348e-06,0.824426763257678,0.833036645900166,0.165765225269941,0.00255971898377906,0.0189240342852566
"PBX1","PBX1","MA0070.1","-2.1072",0.982451,0.719448,0.784579,0.0113408,3,"False",0.986177109987358,0.144153794795433,0.00164987817696805,0.567089459598041,0.569820873088344,0.731174256774476,0.723047471636608,0.967748468992626
"FOXA3","FOXA3","MA1683.1","-2.21128",0.986495,0.72172,0.81337,0.0782088,3,"False",0.988986148989899,NA,NA,NA,NA,NA,NA,NA
"SOX12","SOX12","MA1561.1","-2.40926",0.99201,0.696424,0.765074,0.051091,3,"False",0.993260958385876,NA,NA,NA,NA,NA,NA,NA
"Degrees","Degrees","of","freedom:",37384,NA,NA,NA,NA,"False",1,NA,NA,NA,NA,NA,NA,NA
